time,runtime
0.0000048,3.5593e-01
0.4055364,9.8903e-03
0.4411646,6.9801e-04
0.4589668,1.2334e-03
0.4854549,2.0064e-03
0.4987548,6.4754e-02
0.5761121,8.2385e-04
0.5811971,8.9587e-04
0.5885879,6.1196e-04
0.6627274,8.1797e-04
0.6745037,3.4546e-03
0.6853917,6.5727e-03
0.7022358,9.0800e-04
0.7114179,7.9450e-04
0.7206077,9.0728e-04
0.7374967,8.8536e-04
0.7402911,7.5990e-04
0.7471973,3.4925e-03
0.7688709,3.0431e-02
0.8100671,1.2310e-02
0.8270731,7.6491e-03
0.8439840,3.6925e-03
0.8515570,7.6242e-04
0.8571966,1.3437e-03
0.8602838,6.5053e-04
0.8651809,6.9686e-04
0.8797193,7.2883e-03
0.9033784,1.2514e-03
0.9143921,4.1008e-03
0.9526329,1.6988e-03
0.9751378,9.4119e-04
0.9901499,8.2474e-04
1.0067339,8.6388e-03
1.0280192,6.6660e-04
1.0404823,6.6390e-04
1.0499891,8.2537e-04
1.0551200,9.6193e-04
1.0637728,1.0266e-02
1.0812794,2.3265e-02
1.1092188,1.4921e-02
1.1308800,1.2620e-03
1.1362609,1.8780e-02
1.1632403,9.4444e-04
1.1760952,8.6450e-04
1.1813703,6.3181e-04
1.1893277,1.1169e-02
1.2028592,6.4625e-04
1.2056110,7.6158e-04
1.2112203,7.6641e-04
1.2903641,1.1501e-03
1.2948269,8.2566e-04
1.3186575,1.7157e-02
1.3764309,9.8962e-04
1.3866132,1.1412e-02
1.4380621,7.1558e-02
1.5172976,3.5535e-02
1.5608845,8.5686e-04
1.5665727,7.5492e-04
1.5705163,7.1389e-04
1.5984182,6.8762e-04
1.6013695,1.0536e-02
1.6724442,1.4775e-03
1.6768358,7.8264e-04
1.7038946,1.0511e-03
1.7077094,9.1165e-04
1.7227966,9.2583e-04
1.7318385,5.3827e-03
1.7450730,2.0333e-02
1.7730428,1.7258e-03
1.7784224,1.2575e-03
1.7823240,9.2097e-04
1.7999158,9.6960e-04
1.8033128,9.8367e-04
1.8086263,7.9482e-03
1.8188760,8.1104e-04
1.8243920,6.9367e-03
1.8401728,2.4326e-02
1.8723402,7.0437e-04
1.9297011,1.8808e-03
1.9337889,2.5947e-03
1.9643642,4.1433e-02
2.0108721,9.9322e-04
2.0143046,9.5580e-04
2.0169652,7.3160e-04
2.0224359,1.0032e-03
2.0277159,3.6138e-02
2.0665569,1.5481e-02
2.1128724,1.4262e-03
2.1306653,8.9872e-04
2.1365120,1.0282e-03
2.1499372,2.4045e-03
2.1556702,1.1292e-03
2.1844811,9.1798e-04
2.1948683,1.3413e-02
2.2128310,7.2097e-04
2.2257478,6.9656e-04
2.2540190,1.1926e-03
2.2584531,4.6744e-03
2.2688293,8.9212e-04
2.3089881,7.2732e-04
2.3145192,8.7002e-04
2.3510768,2.7901e-02
2.4039445,3.2734e-03
2.4141037,1.2702e-03
2.4339585,7.1501e-04
2.4430902,4.0408e-03
2.4521832,6.3261e-04
2.4575739,7.3406e-03
2.4860535,6.1263e-04
2.4915438,6.8110e-04
2.4956999,5.9641e-04
2.5008652,1.5354e-02
2.5213089,6.8123e-04
2.5281072,6.0679e-04
2.5583372,1.7036e-03
2.5689492,2.8857e-03
2.5806408,5.1255e-03
2.6020806,2.8615e-03
2.6075048,6.0177e-04
2.6130879,7.5388e-04
2.6161356,1.4492e-02
2.6459434,1.4028e-02
2.6656873,7.2154e-04
2.6728928,8.3673e-04
2.6785436,1.1789e-03
2.6855383,8.3128e-03
2.7033584,6.8990e-04
2.7128580,1.2757e-03
2.7188697,9.0933e-04
2.7262330,1.0314e-03
2.7366669,1.0221e-03
2.7412121,4.0195e-03
2.7494535,4.4874e-03
2.7780581,4.7739e-02
2.8279810,7.2006e-04
2.8315418,8.2125e-04
2.8445325,6.5875e-04
2.8476889,6.9354e-04
2.8529830,6.2127e-04
2.8650405,6.2925e-04
2.8944254,8.7636e-04
2.8970511,6.0885e-04
2.9038570,1.0056e-02
2.9184344,7.2621e-04
2.9268622,7.5914e-03
2.9778287,8.7284e-04
3.0064344,1.0766e-03
3.0245695,9.6735e-04
3.0326896,8.2385e-04
3.0568316,7.3440e-04
3.0889575,6.8703e-04
3.1175003,2.3767e-03
3.1219084,5.0077e-03
3.1546216,8.0369e-04
3.1944151,6.6571e-04
3.2132728,9.0306e-04
3.2277925,1.0030e-03
3.2354074,8.3535e-04
3.2487640,5.4162e-03
3.2667372,7.1445e-04
3.2765138,5.9299e-03
3.2989085,7.1580e-04
3.3269844,7.0058e-04
3.3361990,5.9175e-04
3.3574021,1.0290e-03
3.3666542,9.9691e-04
3.3921425,8.5595e-03
3.4087250,5.4496e-03
3.4214628,9.1107e-04
3.4337409,1.5464e-02
3.4614451,7.1387e-04
3.4705827,7.0636e-04
3.4754646,3.9580e-03
3.4835076,2.6157e-03
3.4912927,7.5160e-04
3.5026994,4.0070e-03
3.5107434,3.6615e-03
3.5224853,1.4436e-02
3.5591371,6.0836e-03
3.5699584,1.3367e-03
3.5904579,6.7440e-04
3.6013227,1.8343e-03
3.6095815,9.2982e-04
3.6148565,7.0435e-04
3.6255095,6.5149e-04
3.6314583,1.2441e-03
3.6371689,8.3644e-03
3.6679001,7.1247e-04
3.6765561,5.7376e-04
3.6799285,2.4888e-03
3.6868963,5.5771e-04
3.6921701,7.3135e-04
3.7043376,8.1804e-04
3.7100625,8.1764e-04
3.7302275,4.0015e-02
3.7735243,8.9937e-04
3.7784786,8.3326e-04
3.8020701,2.3085e-02
3.8372180,7.1947e-04
3.8487837,6.2474e-03
3.8592296,5.0624e-03
3.8714535,1.0868e-02
3.8877306,7.0207e-04
3.8928246,7.8027e-03
3.9077768,1.8443e-03
3.9142499,6.2618e-04
3.9253592,7.6271e-04
3.9417379,6.8774e-04
3.9654117,6.7673e-04
3.9711828,7.9558e-04
3.9841156,8.0192e-04
3.9895592,7.4423e-04
3.9944766,7.1520e-04
4.0099349,6.3587e-04
4.0161538,1.0585e-02
4.0340452,6.7012e-04
4.0652418,1.1014e-03
4.0705934,2.5518e-03
4.0807705,6.2799e-03
4.0889230,1.2523e-03
4.0956497,6.9577e-04
4.1170263,2.3494e-03
4.1239395,6.3289e-04
4.1485405,1.2577e-02
4.1675253,6.4268e-04
4.1785698,7.7813e-04
4.1814237,7.5533e-04
4.1863432,1.0027e-03
4.2278070,4.0399e-03
4.2629118,1.4884e-02
4.2826848,7.6978e-04
4.2878952,1.4682e-02
4.3219399,8.5486e-04
4.3296676,6.4463e-04
4.3464303,8.0198e-03
4.3613844,5.4052e-03
4.3725891,1.3737e-03
4.3795519,1.0149e-03
4.3902493,7.6724e-04
4.3928819,6.2810e-03
4.4070387,8.8181e-04
4.4193826,7.0191e-04
4.4259973,1.5264e-02
4.4539075,2.0591e-03
4.4606099,5.8361e-04
4.4751663,1.5960e-03
4.4810781,9.0109e-04
4.5287428,6.5458e-04
4.5342240,7.0265e-04
4.5591741,6.9816e-03
4.5711718,6.6200e-04
4.5790844,5.6015e-04
4.5871010,5.4642e-03
4.6019912,2.2411e-03
4.6099105,9.0617e-03
4.6277070,7.7132e-04
4.6333880,6.9230e-03
4.6447349,8.2771e-04
4.6751008,7.0468e-04
4.6859436,7.5751e-04
4.6910787,6.9441e-04
4.7063456,7.1224e-04
4.7164712,8.3715e-03
4.7287641,6.0191e-04
4.7511258,1.3413e-03
4.7710800,1.1445e-03
4.7920866,1.6631e-02
4.8129177,1.2787e-03
4.8184953,6.7309e-03
4.8298512,2.3454e-02
4.9105902,1.6675e-02
4.9373050,1.2699e-02
4.9580669,8.3480e-04
4.9633474,6.1810e-04
4.9720788,6.1201e-04
5.8054357,7.3140e-04
5.8158927,2.8780e-03
5.9198227,7.8958e-04
5.9435649,1.0150e-03
5.9573092,6.1527e-04
5.9626269,9.9865e-03
5.9766583,1.0101e-03
5.9824557,1.0074e-03
5.9988661,6.9016e-03
6.0099683,6.5246e-04
6.0170197,8.3245e-03
6.0295954,2.4755e-02
6.0671425,2.5267e-03
6.0778046,8.0817e-04
6.0881176,1.0083e-02
6.1029706,1.1668e-02
6.1350145,4.7234e-03
6.1588459,1.3721e-03
6.1713367,2.1967e-02
6.1980228,2.2372e-02
6.2373800,6.9187e-04
6.2462153,5.4553e-04
6.2545667,8.0316e-04
6.2792554,3.8933e-03
6.2859459,6.1874e-04
6.3023491,7.8883e-04
6.3076243,6.8613e-04
6.3144488,6.0427e-04
6.3312726,4.2209e-03
6.3766069,6.6095e-04
6.3821983,7.5008e-04
6.3896785,7.1244e-04
6.3969855,1.2102e-02
6.4134941,1.0463e-03
6.4777408,7.8812e-04
6.5001788,1.5427e-02
6.5203700,6.3164e-04
6.5378709,2.9897e-02
6.5829177,4.4863e-03
6.6029482,1.0842e-02
6.6172190,3.2049e-02
6.6544642,3.3738e-02
6.7022262,6.1257e-04
6.7130389,7.8754e-04
6.7184324,8.0529e-04
6.7241521,7.2095e-04
6.7307453,1.6234e-02
6.7497053,1.5498e-03
6.7562256,7.4430e-04
6.7694802,7.3631e-04
6.7845402,1.2062e-02
6.8005152,7.0928e-04
6.8053737,7.8454e-04
6.8166265,7.3664e-04
6.8229270,2.5794e-02
6.8572021,9.1334e-03
6.8752894,7.8417e-04
6.8798218,4.2659e-03
6.8875299,2.4142e-02
6.9251194,9.2630e-04
6.9395733,9.7232e-04
6.9797959,7.0023e-04
6.9846649,7.7654e-04
7.0049710,9.7394e-04
7.0123959,8.9079e-04
7.0184550,1.1367e-03
7.0452299,1.4802e-03
7.0539122,1.3805e-02
7.1072593,1.2384e-02
7.1459670,3.8100e-03
7.1696906,5.9358e-03
7.2266808,8.3527e-04
7.2316670,7.0344e-04
7.2409282,6.1126e-04
7.2570338,6.9246e-04
7.2910972,4.7549e-03
7.3000565,6.5174e-04
7.3107033,2.9404e-03
7.3568707,8.7532e-04
7.3771324,8.2831e-04
7.3857560,6.8842e-04
7.3908038,1.4319e-02
7.4088292,2.1613e-03
7.4486437,8.4736e-04
7.4655223,1.6202e-02
7.4857430,7.8128e-04
7.5017500,9.7072e-04
7.5088511,1.8345e-02
7.5371413,2.7727e-03
7.5471582,9.0958e-04
7.5721021,1.1446e-03
7.5823784,9.6968e-04
7.5896673,6.7581e-04
7.5976233,7.8360e-04
7.6110544,6.1810e-03
7.6202421,1.4034e-03
7.6260052,1.2270e-03
7.6342587,7.7555e-04
7.6371794,7.5686e-04
7.6435437,8.5794e-04
7.6487932,7.4885e-03
7.6643510,9.5826e-04
7.6702061,7.4246e-04
7.6992512,9.3431e-04
7.7522693,9.2776e-04
7.7623591,1.7883e-03
7.7719440,9.7478e-04
7.7787786,9.2181e-04
7.8023586,9.5401e-04
7.8056784,3.1556e-03
7.8135796,9.9941e-04
7.8330941,2.3179e-02
7.8586960,1.8408e-02
7.8931947,1.1290e-03
7.9612284,1.2353e-02
7.9780092,8.5853e-04
7.9815922,1.1080e-02
8.0269928,8.4572e-04
8.0751390,6.8846e-04
8.0831928,1.1165e-03
8.1150646,7.9626e-04
8.1276731,7.4333e-04
8.1380262,1.3316e-02
8.1717014,2.4324e-02
8.2290125,6.9717e-04
8.2341681,6.3591e-04
8.2537556,8.0138e-04
8.2801542,7.5988e-04
8.2873650,8.1314e-04
8.2941847,8.6455e-04
8.3106451,5.9671e-04
8.3224554,7.0610e-04
8.3280849,8.5802e-04
8.3309383,7.9148e-04
8.3500252,8.2773e-03
8.3686523,6.3940e-04
8.3856030,6.1748e-04
8.3936577,8.0739e-04
8.4076347,7.8448e-04
8.4162788,1.2765e-02
8.4363070,8.9709e-04
8.4479408,7.4027e-04
8.4526081,8.8588e-04
8.4759054,6.4650e-04
8.4797869,1.6355e-02
8.4991655,2.6028e-02
8.5298452,2.2617e-03
8.5433302,1.2456e-03
8.5599337,6.2317e-03
8.5924673,6.2731e-04
8.6023359,9.7401e-04
8.6271219,7.0779e-04
8.6340570,6.9430e-04
8.6497622,4.0773e-03
8.6745987,6.2470e-04
8.6799479,1.0077e-03
8.6975870,7.4748e-02
8.7865858,1.3422e-03
8.8146620,8.1791e-03
8.8267345,8.3138e-04
8.8331699,8.3098e-04
8.8877163,1.0111e-03
8.9099684,6.0468e-04
8.9151649,7.0065e-04
9.0026760,5.8275e-04
9.0182724,4.0567e-03
9.0329113,1.9448e-02
9.0553360,3.0531e-03
9.0629959,8.7392e-04
9.0935307,1.4006e-03
9.1028900,7.6934e-04
9.1184940,1.2090e-03
9.1262579,1.0250e-03
9.1361732,3.6955e-02
9.1824741,2.6350e-03
9.2183228,2.8547e-03
9.2406702,4.7720e-03
9.2624950,9.3327e-04
9.2668409,9.4235e-04
9.2818727,8.6154e-04
9.2858028,1.2190e-03
9.2924833,8.6727e-04
9.2997694,9.8910e-04
9.3116093,7.3183e-04
9.3365984,6.1188e-04
9.3528404,2.2772e-02
9.4073610,1.1558e-03
9.4293814,8.7093e-04
9.4382362,9.9585e-03
9.4562426,1.6386e-02
9.4986401,6.7476e-04
9.5030184,6.5114e-04
9.5182381,7.6950e-04
9.5273314,4.6225e-03
9.5527973,8.6015e-04
9.5591450,1.0024e-03
9.5708027,9.5785e-04
9.5808411,1.9153e-02
9.6022053,5.8839e-04
9.6066208,3.0572e-02
9.6805735,1.9414e-03
9.6888943,8.9335e-04
9.6997538,6.6676e-04
9.7330055,5.8396e-04
9.7360048,7.6706e-04
9.7461071,5.5580e-03
9.7589378,3.6893e-02
9.8091068,6.8848e-04
9.8206739,8.6827e-03
9.8417177,3.5143e-03
9.8670473,3.5202e-02
9.9090233,8.1070e-04
9.9308243,6.4761e-04
9.9356709,6.2014e-04
9.9415874,6.8669e-04
9.9455099,1.0447e-02
9.9689827,1.1020e-03
9.9784050,7.3943e-04
9.9879169,1.2975e-02
10.8834181,1.5727e-02
10.9049549,7.0563e-04
10.9149208,7.5022e-04
10.9264479,1.8557e-03
10.9313793,6.6399e-04
10.9665842,7.4605e-04
10.9767637,1.9213e-02
11.0042181,2.1490e-02
11.0301104,9.1433e-03
11.0463047,1.2779e-02
11.0889826,4.3160e-03
11.0972605,8.3380e-04
11.1022301,3.5175e-03
11.1323719,1.0039e-02
11.1499786,1.2617e-03
11.1847944,3.6394e-03
11.1972570,6.5942e-04
11.2122107,1.9720e-03
11.2485065,5.5920e-04
11.2541113,6.8788e-04
11.2635136,8.0252e-04
11.2701244,1.3126e-03
11.2834034,7.1500e-04
11.2888594,7.3734e-04
11.3300304,7.3565e-04
11.3372889,7.2355e-04
11.3424644,6.1292e-04
11.3519678,6.2330e-04
11.3599653,2.2949e-02
11.4056873,6.4381e-04
11.4127331,6.4251e-04
11.4287663,4.6157e-03
11.4416389,6.6829e-04
11.4484921,7.2119e-04
11.5003519,8.2949e-04
11.5240784,1.1650e-03
11.5345192,8.4786e-04
11.5531616,2.3795e-03
11.5611763,1.3866e-03
11.5671225,1.1990e-02
11.5838099,2.5401e-02
11.6139193,3.4325e-03
11.6600819,6.5233e-04
11.6729803,5.6369e-02
11.7499628,4.1043e-03
11.7627382,7.0476e-04
11.7676830,9.9202e-03
11.7904882,4.0953e-03
11.8134537,1.4281e-03
11.8259916,1.0216e-03
11.8313627,8.8019e-03
11.8602915,6.6405e-04
11.8669682,4.3131e-03
11.8731546,6.7304e-04
11.8793993,6.1449e-04
11.8908644,7.0988e-03
11.9116707,1.8810e-02
11.9338846,6.5452e-04
11.9415703,7.8711e-04
11.9524441,6.5439e-04
11.9858608,6.5503e-04
11.9900408,7.2584e-04
12.0052090,7.3739e-04
12.0159702,9.4019e-04
12.0190134,8.3874e-04
12.0281019,6.9276e-04
12.0354404,6.3474e-03
12.0583744,7.0119e-04
12.0631590,6.1977e-04
12.0770569,1.6779e-03
12.0913668,8.6747e-03
12.1094484,9.9473e-04
12.1145124,8.3296e-04
12.1194220,6.4760e-04
12.1253319,6.0533e-03
12.1368303,1.0463e-02
12.1560059,6.2302e-03
12.1644592,8.2981e-04
12.1874514,7.4837e-04
12.1904974,2.1360e-03
12.1986742,6.7262e-04
12.2043781,5.8708e-03
12.2381372,9.7830e-03
12.2640400,8.7832e-04
12.2688522,5.2079e-04
12.2747097,9.4940e-04
12.2856579,1.4148e-02
12.3100128,2.1774e-03
12.3267660,3.6268e-03
12.3325863,2.5816e-02
12.3654680,5.5094e-04
12.3785543,6.5526e-04
12.3940029,1.1343e-02
12.4457045,6.7663e-04
12.4812965,3.8957e-03
12.5002518,6.9439e-04
12.5302773,6.0235e-04
12.5443029,7.1333e-04
12.5723648,1.8551e-02
12.6335983,2.2767e-02
12.6687593,6.7798e-04
12.6805563,7.2539e-04
12.6835594,5.8432e-04
12.7076559,8.3775e-04
12.7129803,7.6547e-04
12.7224197,2.1855e-02
12.7486038,6.4100e-03
12.7650766,2.1703e-02
12.7893333,5.2216e-03
12.8134375,4.6189e-03
12.8226271,7.0744e-04
12.8294001,8.4151e-04
12.8435812,1.8453e-02
12.8819809,6.9050e-04
12.8892555,6.4223e-04
12.8939056,6.6755e-04
12.9025726,1.6357e-02
12.9309120,2.0063e-03
12.9390478,1.3301e-03
12.9430552,8.2582e-04
12.9591837,2.8069e-02
12.9948740,1.0183e-03
13.0010347,8.2500e-04
13.0266266,2.7795e-03
13.0371504,7.2851e-04
13.0585346,7.3264e-04
13.0650721,7.0689e-04
13.0691442,1.0582e-02
13.0872898,1.1526e-02
13.1080980,1.5366e-03
13.1179152,6.8510e-04
13.1219196,2.5117e-03
13.1290684,1.6659e-02
13.1751900,9.1112e-04
13.1968861,1.0681e-02
13.2467537,8.0449e-04
13.2591553,7.0442e-04
13.2642546,1.1083e-03
13.2709379,4.5726e-02
13.3348837,2.7514e-02
13.3726921,1.9714e-02
13.4228258,7.3385e-04
13.4359798,1.4778e-02
13.4548798,8.1534e-04
13.4599400,5.5818e-03
13.4999828,8.5535e-04
13.5039902,8.2324e-04
13.5810127,8.7781e-04
13.5884352,5.7235e-03
13.6134615,4.3236e-02
13.6895552,7.2614e-04
13.6927347,3.5386e-03
13.7050009,7.8555e-04
13.7314997,9.6367e-04
13.7548122,9.5220e-04
13.8078384,7.2015e-03
13.8327560,9.5935e-04
13.8499441,9.8449e-04
13.8614054,8.5519e-04
13.8640499,1.0197e-03
13.8696585,1.1246e-03
13.8844633,9.4043e-04
13.9348602,2.5857e-02
13.9653845,8.8869e-04
13.9813461,7.0994e-04
13.9993143,1.5725e-02
14.0195799,1.9071e-02
14.0417967,9.2660e-04
14.0501862,6.7414e-03
14.0608540,1.0687e-03
14.0677357,6.7111e-04
14.0921288,2.1596e-02
14.1337547,3.9720e-02
14.1789656,4.6968e-03
14.1910248,7.5629e-04
14.1968756,6.8540e-03
14.2200937,8.5416e-04
14.2387018,1.1555e-03
14.3015089,8.2565e-03
14.3393354,1.0102e-03
14.3439341,8.3274e-04
14.3491058,7.7357e-04
14.3656301,7.7983e-04
14.3746653,7.1042e-04
14.3808584,1.2782e-02
14.3991289,3.7300e-03
14.4096336,9.2123e-03
14.4271612,1.9530e-02
14.4586887,7.5988e-04
14.4958792,6.2931e-04
14.5044527,8.9412e-04
14.5205002,7.3359e-04
14.5233068,7.1313e-04
14.5286455,9.3099e-04
14.5347252,3.5889e-02
14.5761595,6.6846e-03
14.6042280,4.7043e-03
14.6172686,8.9028e-03
14.6336002,1.4388e-02
14.6733799,5.7947e-03
14.6835318,1.4963e-03
14.6898975,8.4515e-04
14.6976204,9.3447e-04
14.7172232,1.7043e-03
14.7291107,6.9770e-04
14.7346106,7.2490e-03
14.7840586,9.0417e-04
14.7887850,5.7500e-04
14.8044586,7.9415e-04
14.8102217,1.2985e-03
14.8281670,6.4413e-04
14.8443079,6.3011e-04
14.8690128,7.6001e-04
14.8811779,1.2311e-03
14.8945322,6.9985e-04
14.8998127,2.3740e-03
14.9372721,7.3017e-04
14.9796124,2.3009e-03
15.0121374,8.7087e-04
15.8493652,1.0256e-02
15.8614378,6.9541e-03
15.9399748,5.4426e-02
16.0003281,5.6462e-03
16.0121040,8.0371e-04
16.0195923,1.2072e-02
16.0378151,7.5824e-03
16.0488052,8.5816e-04
16.0535431,1.7518e-02
16.0757446,1.9219e-03
16.0887089,7.1596e-04
16.1084156,9.9450e-04
16.1136932,6.5921e-04
16.1222095,3.1120e-03
16.1296616,6.6577e-04
16.1389656,8.8821e-04
16.1667004,6.2392e-04
16.1807480,4.7485e-02
16.2326298,7.6604e-03
16.2529888,7.0745e-04
16.2670612,8.1968e-04
16.2738094,8.3376e-04
16.2801189,8.2210e-04
16.2867813,1.6530e-03
16.3032150,7.1990e-04
16.3095055,9.2585e-04
16.3297424,7.5229e-04
16.3344002,2.5980e-02
16.3673458,6.0834e-04
16.4231815,8.3133e-04
16.4302940,6.8539e-04
16.4466228,6.0789e-03
16.4546776,7.5062e-04
16.4764175,1.0281e-03
16.5198689,6.3416e-04
16.5378780,1.1614e-02
16.5537319,7.1263e-04
16.5594234,8.2239e-04
16.5646915,3.3466e-02
16.6067066,7.2870e-04
16.6325340,7.0083e-04
16.6352863,1.3843e-02
16.6515274,9.9907e-04
16.6858120,1.0820e-02
16.7160816,6.8290e-03
16.7283421,1.0575e-02
16.7433758,6.4923e-04
16.7467976,7.9951e-04
16.7637749,6.9380e-04
16.7691555,9.0600e-04
16.7835732,7.0883e-04
16.7883072,1.3044e-02
16.8061829,8.2854e-04
16.8117638,3.5516e-03
16.8191853,8.9311e-03
16.8363972,6.9837e-04
16.8582134,7.9353e-04
16.8631210,1.8038e-03
16.8856945,1.9667e-02
16.9104424,4.3726e-03
16.9197788,1.2648e-02
16.9375267,1.0175e-03
16.9632721,1.0621e-02
16.9788132,6.3069e-04
16.9843216,1.6837e-02
17.0138645,1.3343e-03
17.0873089,1.3271e-02
17.1086826,7.5703e-04
17.1212025,3.7593e-03
17.1442699,7.4696e-04
17.1506462,7.2919e-04
17.1552505,5.7859e-04
17.1685982,6.3759e-04
17.1761703,5.9339e-04
17.1873283,2.9575e-03
17.2268639,5.3571e-04
17.2330303,6.2002e-04
17.2547283,8.1246e-04
17.2658195,5.5755e-04
17.2706394,6.0713e-03
17.2844315,1.3191e-03
17.3021755,8.3353e-04
17.3094349,2.1158e-03
17.3158951,4.1202e-03
17.3312645,2.1813e-03
17.3383198,8.5127e-04
17.3435020,1.7542e-02
17.3749409,6.9825e-04
17.3789349,8.9038e-04
17.4122543,8.9924e-04
17.4182262,6.1853e-03
17.4286098,8.9499e-04
17.4325047,8.2991e-04
17.4465141,1.5398e-02
17.4959412,7.3393e-04
17.5066452,7.0569e-04
17.5154343,7.8474e-04
17.5208817,2.0932e-02
17.5559521,1.0805e-03
17.5622330,7.5917e-04
17.5833549,9.4529e-04
17.5886917,9.6472e-04
17.5940533,6.0561e-04
17.6059647,8.4443e-04
17.6119976,3.6484e-02
17.6526470,1.3168e-02
17.7041111,6.3890e-03
17.7228146,6.6091e-04
17.7371082,7.7991e-04
17.7461643,3.9799e-02
17.7901516,2.6042e-02
17.8361206,7.1878e-04
17.8428459,8.8395e-04
17.8519974,6.6087e-04
17.8632317,6.9377e-04
17.8686504,2.8216e-03
17.8734455,2.8716e-03
17.8818436,2.0250e-02
17.9061241,8.4698e-04
17.9272957,3.8756e-02
17.9802246,6.9907e-04
17.9883747,2.4732e-02
18.0169125,1.0692e-02
18.0388927,8.1499e-04
18.0569935,6.5991e-03
18.0678024,6.0911e-04
18.0828018,1.0503e-03
18.0890770,7.5171e-04
18.1132431,6.9790e-04
18.1197033,8.2443e-04
18.1331806,1.6832e-02
18.1534538,7.9965e-03
18.1871109,7.1357e-04
18.2511368,6.8058e-04
18.2594490,3.5725e-02
18.3180428,7.4275e-04
18.3229275,8.0871e-03
18.3342876,8.0021e-04
18.3407059,1.9757e-02
18.3650265,5.5731e-04
18.3906574,8.0214e-04
18.4132137,7.1036e-04
18.4284019,1.1187e-02
18.4482613,7.2400e-04
18.4535007,4.9581e-03
18.4635868,1.2095e-03
18.4726543,1.1627e-03
18.4827423,3.0962e-03
18.4902802,3.3351e-03
18.5027237,8.5466e-04
18.5079021,1.7490e-03
18.5270348,1.2418e-02
18.5443745,4.0433e-02
18.5896072,8.6384e-04
18.6018677,1.0778e-02
18.6250191,7.6616e-04
18.6331711,8.8708e-04
18.6491756,8.3297e-03
18.6627998,3.1724e-02
18.6995621,6.7189e-04
18.7082844,6.6555e-04
18.7149296,3.4347e-03
18.7425289,2.1086e-02
18.7884941,6.3299e-04
18.7939949,1.6717e-02
18.8149776,1.0873e-03
18.8221073,8.3308e-04
18.8279324,9.3197e-04
18.8424606,7.2220e-03
18.8675137,6.4415e-04
18.8806763,6.9799e-04
18.9020672,2.0235e-02
18.9265442,1.2154e-03
18.9393940,9.4933e-04
18.9529514,6.7729e-04
18.9612503,6.2011e-04
18.9665680,8.5913e-04
18.9721432,8.0934e-04
18.9847679,7.1985e-04
18.9882545,8.9810e-04
19.0237732,7.5222e-04
19.0280323,6.5731e-04
19.0372829,1.3146e-02
19.0560360,7.5368e-04
19.0685387,6.1189e-04
19.1018848,1.7454e-02
19.1472931,6.2868e-04
19.1619854,6.2120e-04
19.1693001,6.2599e-04
19.1751194,7.5958e-04
19.1811657,4.1818e-03
19.1987877,6.8129e-04
19.2185345,5.4770e-03
19.2557316,8.6953e-04
19.2770767,2.6579e-02
19.3113251,1.7021e-03
19.3330250,1.0851e-02
19.3699245,1.1137e-02
19.4201145,2.7944e-03
19.4271088,7.9497e-04
19.4354706,6.8160e-04
19.4409542,6.7850e-03
19.4507103,9.3314e-04
19.4535427,8.2385e-04
19.4741688,1.1505e-03
19.4922428,9.1778e-04
19.5160275,2.2824e-02
19.5559101,8.4891e-04
19.5662518,7.1242e-03
19.5794258,8.2305e-04
19.5833607,1.3619e-02
19.6216946,1.1065e-03
19.6442566,2.8788e-02
19.7187061,7.1619e-04
19.7240391,8.5222e-04
19.7300034,4.4645e-03
19.7574978,4.8859e-02
19.8107929,5.8840e-04
19.8367023,9.9033e-04
19.8396130,3.0910e-03
19.8693657,7.5332e-04
19.8719978,5.4314e-03
19.8827114,5.9092e-03
19.8995075,7.9035e-04
19.9141998,4.5110e-03
19.9334145,7.3690e-04
19.9370308,1.1144e-02
19.9596043,6.5763e-04
19.9706039,6.8343e-04
19.9762955,7.0203e-04
19.9976044,7.0651e-04
20.0023212,1.0913e-03
20.1868153,9.0490e-04
22.2240181,1.0613e-03
22.2400570,7.7014e-04
22.2472610,8.5432e-04
22.3689175,7.0551e-04
22.3773365,8.3998e-04
22.3832664,5.0243e-03
22.4051704,9.6771e-04
22.4116440,5.2940e-04
22.4262524,5.2279e-03
22.4402905,8.4409e-04
22.4458199,5.1529e-03
22.4663124,7.9764e-04
22.4719734,1.2849e-03
22.4855232,7.6051e-04
22.4924107,7.9324e-04
22.4977608,9.6527e-04
22.5085697,1.0832e-03
22.5222836,6.2743e-04
22.5337524,6.1832e-04
22.5384254,1.1487e-03
22.5470905,7.5095e-04
22.5537395,6.4928e-03
22.5677814,2.7408e-03
22.5746708,9.3700e-04
22.5810680,1.9614e-03
22.5902519,5.6693e-04
22.5951843,7.6331e-04
22.6014748,1.3586e-03
22.6089401,8.4527e-04
22.6152573,6.0305e-04
22.6206589,6.8642e-04
22.6276779,5.8164e-04
22.6337147,9.3969e-04
22.6402645,6.0649e-04
22.6467514,6.5329e-04
22.6572056,7.0429e-04
22.6648369,5.4165e-04
22.6695709,5.2454e-04
22.6747093,6.5267e-04
22.6793842,8.1691e-04
22.6878395,5.8726e-04
22.6928768,6.1120e-04
22.7004776,5.5834e-04
22.7057171,9.9253e-04
22.7112675,1.3841e-03
22.7167263,2.0809e-03
22.7233257,5.1212e-04
22.7284184,6.0860e-04
22.7336845,3.7330e-03
22.7424889,1.2175e-03
22.7481613,5.8893e-04
22.7524776,8.7187e-04
22.7583523,5.8785e-04
22.7676353,8.0631e-04
