time,runtime
0.0000052,3.8731e-01
0.4198514,7.9497e-04
0.4419674,6.4330e-03
0.4737678,5.8747e-03
0.4976054,7.1966e-04
0.5042188,6.9817e-04
0.5108881,6.9863e-04
0.5223565,8.1725e-04
0.5669770,1.8317e-02
0.6179855,2.8992e-03
0.6386935,5.8624e-04
0.6437209,4.9846e-03
0.6613604,6.5097e-04
0.6662362,1.3751e-02
0.7004079,2.4638e-03
0.7066477,7.9935e-04
0.7128009,4.2345e-03
0.7213377,5.8834e-03
0.7842470,6.0564e-04
0.7891800,8.7239e-04
0.8111031,1.8817e-02
0.8366677,3.1344e-03
0.8497301,2.0254e-02
0.8879874,2.1384e-02
0.9158464,3.0322e-02
0.9555927,7.2942e-03
0.9729314,1.8068e-03
0.9832751,7.2124e-04
0.9911410,5.8889e-04
1.0115018,1.9310e-03
1.0191164,4.7037e-04
1.0248084,5.9621e-04
1.0443752,6.7786e-04
1.0618677,1.3642e-03
1.0686398,5.2621e-03
1.0785793,1.3335e-03
1.0875857,6.1872e-04
1.0941217,4.0811e-03
1.1032019,1.6136e-03
1.1187198,3.0980e-03
1.1411771,6.5457e-04
1.1533341,1.6698e-03
1.1592512,8.0084e-03
1.1755376,8.1613e-04
1.1943460,1.1486e-03
1.2062745,4.3875e-03
1.2465291,1.2340e-02
1.2608849,8.5947e-04
1.2657944,2.4658e-02
1.3114038,7.9576e-04
1.3171943,7.4139e-04
1.3283904,7.0397e-04
1.3569258,1.7018e-02
1.3789775,7.9186e-04
1.3874028,6.8235e-04
1.4151585,2.5569e-03
1.4219868,4.4707e-03
1.4552573,1.4291e-03
1.4778662,4.6601e-03
1.5083787,6.1776e-04
1.5190036,4.5334e-03
1.5280496,5.7386e-03
1.5394162,2.1269e-02
1.5661105,3.0215e-03
1.5820246,1.3759e-03
1.5878371,5.5983e-02
1.6459662,8.0567e-04
1.6893876,1.4781e-03
1.7019176,6.5724e-03
1.7131120,7.5909e-04
1.7298595,6.4033e-04
1.7336944,6.7900e-04
1.7380362,1.7631e-02
1.7582312,7.2447e-04
1.7732292,6.6535e-04
1.7916683,4.8701e-04
1.7989049,1.5066e-03
1.8133730,6.7919e-03
1.8230706,1.9344e-03
1.8343544,6.2040e-04
1.8400307,7.5217e-03
1.8524824,9.0212e-04
1.8554289,6.7206e-04
1.8611869,3.2257e-03
1.8670530,2.6389e-03
1.8744791,2.1936e-03
1.8821106,6.5164e-04
1.8922992,1.3722e-03
1.9372429,2.2893e-02
1.9672347,6.4863e-02
2.0379894,6.7476e-04
2.0455198,8.5138e-03
2.0647285,5.6513e-03
2.0790417,6.7715e-04
2.0875373,6.4826e-04
2.0927012,6.1358e-04
2.1166241,1.6346e-03
2.1228712,6.8705e-04
2.1347754,1.0668e-03
2.1467199,7.0465e-03
2.1567519,8.4431e-03
2.1681724,6.3483e-03
2.1773760,7.8520e-03
2.1910317,6.7763e-04
2.2178166,3.1340e-02
2.2513013,5.2282e-03
2.2694421,7.3194e-04
2.2920249,2.4371e-03
2.3165905,6.6563e-04
2.3317010,5.3582e-03
2.3397503,8.3723e-04
2.3461282,3.2611e-02
2.3828542,9.0841e-04
2.3909476,1.2377e-03
2.4151282,7.1659e-04
2.4218833,6.1619e-04
2.4572418,6.7300e-04
2.4760375,1.7352e-02
2.5033550,6.5985e-04
2.5086012,7.9532e-04
2.5165968,4.7407e-02
2.5823152,2.8352e-02
2.6282921,1.2600e-02
2.6637731,8.6685e-03
2.7088740,6.6615e-04
2.7161138,1.4388e-03
2.7415485,9.6617e-04
2.7473261,1.7455e-02
2.7829647,5.9958e-04
2.7867329,7.4198e-04
2.8006828,8.4515e-04
2.8130133,6.5983e-04
2.8186178,8.0840e-03
2.8332021,6.2788e-04
2.8391380,4.8231e-03
2.8747382,6.5324e-04
2.8840611,2.2578e-02
2.9306996,7.8611e-04
2.9339833,1.1385e-02
2.9575222,6.4537e-04
2.9800150,6.2379e-04
2.9915085,2.6569e-03
2.9996674,4.3594e-03
3.0086534,8.4170e-04
3.0150578,1.7285e-02
3.0457044,2.9199e-03
3.0522401,1.1685e-02
3.0888920,1.8317e-03
3.0924704,5.7607e-03
3.1061432,7.4015e-04
3.1125531,2.0475e-03
3.1187263,8.5099e-04
3.1734948,6.3018e-04
3.1786816,3.9043e-03
3.1869566,4.0727e-02
3.2738383,8.1586e-04
3.2794847,6.9611e-04
3.3104987,6.4480e-04
3.3166616,6.3495e-04
3.3529794,5.5699e-04
3.3897657,8.0763e-04
3.3953822,6.1869e-04
3.4006474,7.3309e-04
3.4064851,3.1532e-02
3.4440053,6.1903e-04
3.4613178,6.4356e-04
3.4813983,9.7090e-04
3.4877191,2.8063e-03
3.4949143,6.5517e-04
3.5089991,7.6978e-04
3.5140817,5.9240e-03
3.5294676,6.0639e-04
3.5354214,6.2844e-04
3.5422251,1.6784e-02
3.5633845,6.3147e-04
3.5863206,6.1651e-04
3.6013279,1.6131e-03
3.6303067,1.4525e-02
3.6706109,8.5241e-04
3.6802793,8.3829e-04
3.6899266,2.6559e-03
3.6988158,5.5102e-03
3.7532012,8.7240e-04
3.7650785,8.0256e-04
3.7792778,8.2554e-04
3.7859993,7.7945e-04
3.7911422,1.2079e-02
3.8077822,1.9882e-03
3.8274345,5.2187e-03
3.8460262,1.0161e-02
3.8606069,6.8289e-04
3.8654642,7.4992e-04
3.8879490,7.1641e-04
3.8931515,6.3955e-04
3.9023664,6.6892e-04
3.9159462,2.7404e-03
3.9624512,2.0660e-02
3.9897611,7.6275e-04
3.9944210,7.3025e-04
4.0040135,9.1393e-04
4.0213861,7.0673e-04
4.0474539,1.7061e-02
4.0683112,2.5545e-02
4.1505270,6.6039e-04
4.1560440,1.0652e-03
4.1614027,2.6354e-02
4.2059793,6.6616e-04
4.2174892,5.5357e-04
4.2258897,1.8206e-02
4.2639446,6.5484e-04
4.2732372,8.0045e-04
4.2911878,9.9222e-04
4.3144598,7.1634e-04
4.3219810,7.3229e-03
4.3375430,7.8979e-04
4.3426657,6.1989e-04
4.3482318,2.4483e-03
4.3547182,7.6308e-03
4.3666406,4.1190e-03
4.3752699,6.3580e-03
4.3973885,9.4598e-04
4.4023113,6.2894e-04
4.4061313,5.7340e-04
4.4399619,8.4092e-04
4.4449754,2.3986e-03
4.4532270,8.7290e-04
4.4575014,1.0611e-02
4.4782090,7.7997e-03
4.4905524,5.0743e-03
4.5106602,2.6207e-03
4.5255928,1.0183e-03
4.5374260,3.5388e-03
4.5504870,7.0047e-04
4.5576191,8.3556e-04
4.5678329,5.8684e-04
4.5816131,6.4231e-04
4.5933709,6.1124e-04
4.6111956,1.1533e-02
4.6436415,9.2923e-04
4.6499872,1.1463e-02
4.6662898,6.4504e-04
4.6995707,6.6185e-03
4.7102675,3.5258e-03
4.7261448,9.6102e-04
4.7326312,7.7024e-04
4.7394276,8.9884e-04
4.7526331,7.0126e-04
4.7635217,1.7516e-03
4.7872381,7.9117e-04
4.7945604,2.2205e-03
4.8139234,6.0915e-04
4.8344212,1.7112e-02
4.8566980,7.9236e-04
4.8648376,9.2322e-04
4.8789744,7.8342e-04
4.8978133,3.6114e-03
4.9194064,2.2258e-02
4.9458032,1.2418e-03
5.8146176,1.1114e-01
5.9309826,2.5643e-03
5.9417768,8.9671e-04
5.9472337,9.4565e-04
5.9802241,7.7171e-03
5.9960294,1.2625e-02
6.0128026,7.5530e-04
6.0251956,2.1069e-03
6.0326781,6.7779e-03
6.0446157,9.0764e-04
6.0533695,1.4015e-03
6.0595794,8.6929e-04
6.0649142,1.1053e-03
6.0756011,6.8687e-04
6.0937157,1.1291e-02
6.1131272,9.0651e-04
6.1184092,6.9979e-04
6.1239176,1.0142e-03
6.1298618,1.8137e-02
6.1544380,7.7234e-04
6.1659098,9.3921e-04
6.1742854,7.9113e-04
6.1819215,6.5080e-04
6.1872025,9.5729e-03
6.2415714,5.0117e-03
6.2553792,9.3324e-04
6.2617126,1.2695e-02
6.2801247,1.2966e-03
6.2860250,7.3963e-04
6.2976174,9.1292e-04
6.3027053,7.0428e-04
6.3140397,1.4368e-02
6.3338065,1.8467e-02
6.3736248,7.5697e-04
6.3918614,1.3531e-02
6.4100504,1.0834e-03
6.4153047,7.5495e-04
6.4327836,6.0009e-04
6.4377937,1.0351e-02
6.4509645,9.1261e-04
6.4569969,8.5694e-04
6.4620123,6.5617e-04
6.4672227,2.8025e-02
6.5086169,6.7260e-04
6.5137410,8.8450e-04
6.5163598,8.5747e-03
6.5418410,1.0903e-02
6.5564971,3.7648e-03
6.5744634,1.1468e-03
6.6076913,6.5510e-04
6.6136618,6.1205e-04
6.6235089,9.9704e-04
6.6335144,7.7123e-04
6.6381845,3.6077e-03
6.6486011,7.6123e-04
6.6537805,6.1208e-04
6.6723604,5.9136e-04
6.6833186,7.7829e-04
6.6982565,5.8599e-03
6.7111588,6.2896e-04
6.7262421,1.4866e-02
6.7462063,1.4498e-02
6.7650990,3.6763e-03
6.8114910,2.4454e-02
6.8408413,1.8133e-03
6.8476682,1.2263e-03
6.8663359,7.6938e-04
6.8833661,9.8969e-03
6.9398742,1.1634e-02
6.9612336,9.0897e-03
6.9751120,8.1607e-04
6.9811769,6.6904e-04
6.9867086,9.6333e-04
7.0188565,4.0380e-02
7.0645022,6.8825e-04
7.0693326,4.3692e-02
7.1201892,4.4529e-03
7.1354556,7.5957e-04
7.1416111,9.0795e-04
7.1467581,7.5888e-04
7.1516213,8.1452e-04
7.2061167,7.0657e-04
7.2106905,5.6603e-03
7.2540774,7.2475e-04
7.2819910,8.4639e-04
7.2851229,1.2334e-03
7.2899008,9.3574e-04
7.2940593,1.0036e-03
7.2987914,7.1167e-04
7.3071194,5.8761e-04
7.3506117,6.6760e-04
7.3537202,7.3928e-04
7.3589897,5.9655e-04
7.3626599,2.5915e-02
7.4321933,5.4485e-04
7.4631586,5.9988e-04
7.4690533,8.6412e-03
7.4829221,6.5290e-04
7.4977903,1.3807e-03
7.5149775,1.6106e-03
7.5202484,6.1720e-03
7.5329480,6.6470e-03
7.5429707,9.5937e-04
7.5537076,8.7177e-04
7.5920386,1.3493e-02
7.6098795,2.5848e-03
7.6637607,1.1346e-03
7.6822724,6.9102e-04
7.6887846,2.5431e-03
7.6993098,9.9417e-04
7.7119460,7.5575e-04
7.7211890,5.7342e-04
7.7277389,4.2283e-03
7.7451849,7.2838e-04
7.7535214,8.4503e-04
7.7657285,1.4630e-03
7.7797818,5.2463e-03
7.7882524,6.6251e-04
7.7939839,6.6335e-04
7.7982407,5.9904e-04
7.8079004,7.3292e-04
7.8218713,2.2847e-03
7.8281407,5.7071e-04
7.8596663,8.7188e-03
7.8976083,6.4734e-04
7.9138174,6.4191e-04
7.9214325,6.5532e-04
7.9265952,6.5442e-04
7.9313560,2.5427e-03
7.9405799,6.5847e-04
7.9454279,5.7127e-04
7.9483395,8.1935e-03
7.9596314,2.8189e-03
7.9665623,7.9714e-04
7.9816589,8.5314e-04
7.9951100,1.1256e-03
8.0016603,8.4165e-04
8.0127373,6.2538e-04
8.0184164,2.0814e-02
8.0525475,6.5996e-04
8.0578375,5.8001e-04
8.0749779,6.9588e-04
8.1097460,7.5061e-04
8.1173544,8.5073e-04
8.1201601,9.3731e-04
8.1301975,6.5375e-04
8.1357946,6.6239e-04
8.1533346,6.3447e-04
8.1665592,6.5893e-03
8.1954088,6.9649e-04
8.2166567,1.1605e-03
8.2253408,8.4722e-04
8.2316990,7.0672e-04
8.2492561,8.7834e-04
8.2617760,6.9178e-04
8.2795029,6.2969e-04
8.2845421,6.8536e-04
8.3003817,6.9953e-04
8.3066406,6.9520e-04
8.3142414,7.8067e-04
8.3200846,8.5670e-04
8.3257942,6.7403e-04
8.3354225,1.1912e-02
8.3499718,1.3975e-02
8.3694382,4.8256e-03
8.3790665,8.0216e-04
8.3841076,5.2188e-03
8.3986149,5.8102e-04
8.4150867,7.9193e-03
8.4325848,7.3206e-04
8.4446402,3.5459e-03
8.4526539,9.3895e-04
8.4599876,7.6784e-04
8.4721355,5.1362e-03
8.4811277,1.4714e-02
8.5037479,6.2834e-04
8.5214233,6.9384e-04
8.5802135,3.4346e-03
8.5884533,1.1087e-03
8.5946236,6.1167e-04
8.6312799,1.2494e-02
8.6498137,6.6598e-03
8.6601353,1.4535e-03
8.6694946,1.2631e-02
8.6872330,8.1228e-03
8.6988668,7.0124e-03
8.7122402,7.0295e-04
8.7162752,7.1430e-04
8.7309923,6.3494e-04
8.7370386,7.5907e-04
8.7624054,6.4960e-04
8.7891464,8.7693e-04
8.8330641,6.6176e-04
8.8499680,1.5295e-02
8.8931713,1.2920e-03
8.9144258,2.4784e-03
8.9260759,1.4183e-02
8.9508781,4.9102e-03
8.9612446,1.2513e-02
8.9776869,9.9596e-03
8.9904261,6.9467e-04
9.0223293,7.5108e-04
9.0284233,2.4997e-02
9.0613060,1.5495e-02
9.0820761,5.1819e-03
9.1065540,7.1532e-04
9.1122684,2.3146e-02
9.1446800,9.5592e-03
9.1735353,6.3530e-04
9.1864843,1.1499e-03
9.1919060,5.8276e-04
9.2038403,7.9418e-04
9.2202110,6.9989e-04
9.2382565,6.8591e-04
9.2468987,1.0028e-03
9.2512617,8.4943e-03
9.2729197,6.7829e-04
9.2870512,6.2481e-04
9.2911596,7.5065e-04
9.3124523,4.4389e-03
9.3278179,2.5333e-03
9.3437834,7.5490e-04
9.3488169,1.8589e-03
9.3752174,6.4589e-04
9.3825722,8.0051e-04
9.3858728,1.2494e-02
9.4142437,2.5300e-02
9.4426546,7.1452e-04
9.4752188,6.3098e-04
9.4784546,1.3337e-03
9.4923134,5.9379e-04
9.5237589,2.3177e-03
9.5323830,1.0813e-03
9.5413580,7.2861e-04
9.5561962,8.3424e-04
9.5814114,6.4317e-04
9.5931358,2.7554e-03
9.6143179,6.7668e-04
9.6196585,7.0156e-04
9.6260471,5.6928e-04
9.6298561,2.0452e-02
9.6542006,8.2469e-04
9.6643658,1.3692e-03
9.6759434,6.1895e-04
9.6825781,2.1831e-02
9.7146177,1.8596e-03
9.7210312,8.6157e-04
9.7411757,6.5968e-04
9.7456198,1.1077e-03
9.7511778,1.1410e-03
9.7555227,1.6024e-02
9.7821789,2.8320e-03
9.7906160,6.6016e-04
9.8051109,2.4465e-03
9.8101997,8.6384e-04
9.8204708,1.0547e-03
9.8253899,7.5311e-04
9.8294973,6.0938e-04
9.8353119,9.9493e-04
9.8466320,3.7414e-03
9.8527079,7.2164e-04
9.8575954,8.2679e-03
9.8708153,4.5620e-03
9.8823347,2.1561e-03
9.9335585,7.5536e-03
9.9431171,1.4528e-02
9.9964666,7.7078e-01
10.8600292,5.2003e-02
10.9166670,6.0921e-03
10.9301844,3.3537e-02
10.9688063,6.1305e-04
10.9820137,9.3538e-03
10.9960117,6.6789e-03
11.0075550,6.5950e-04
11.0131207,9.1758e-03
11.0320292,1.4199e-03
11.0503674,9.3256e-03
11.0680819,6.8954e-04
11.0735435,7.4620e-03
11.0925694,1.1268e-03
11.1251144,7.1318e-03
11.1389685,6.6680e-04
11.1676569,1.2455e-03
11.2022715,6.7641e-04
11.2086515,3.6305e-03
11.2171717,3.2154e-02
11.2555742,2.3497e-02
11.2827635,1.1872e-02
11.2997332,1.9658e-02
11.3238115,6.8238e-04
11.3398199,5.5651e-04
11.3452120,7.6068e-04
11.3530064,1.9680e-03
11.3662357,7.6227e-04
11.3715639,7.4120e-04
11.3812447,4.0386e-03
11.3905420,6.4525e-04
11.3980618,6.0125e-04
11.4071941,1.5771e-03
11.4187336,2.5179e-03
11.4373045,7.5085e-04
11.4671516,5.5235e-03
11.4789000,4.0036e-03
11.5022478,1.2688e-03
11.5082808,8.8475e-03
11.5213575,7.1997e-04
11.5473862,1.9474e-02
11.5709505,8.0490e-04
11.5814047,1.0919e-03
11.5907602,2.8174e-03
11.6104136,1.3814e-03
11.6179686,7.8709e-03
11.6374388,6.4553e-04
11.6426401,5.5398e-04
11.6487389,7.4204e-04
11.6550226,6.0869e-04
11.6792765,6.0760e-04
11.6876402,7.2093e-04
11.6929302,7.5632e-04
11.6970272,8.0111e-04
11.7118692,6.6592e-03
11.7233086,2.9503e-03
11.7345400,8.0174e-03
11.7472782,6.3431e-04
11.7540874,2.3270e-02
11.7942362,6.6512e-04
11.8251553,6.2680e-04
11.8300114,1.0829e-03
11.8388214,6.7346e-04
11.8465996,1.8575e-02
11.8701963,5.7409e-04
11.8869410,6.6476e-04
11.9037285,6.5805e-04
11.9060783,6.5942e-04
11.9114513,6.3448e-04
11.9145861,5.8885e-04
11.9404860,7.4709e-04
11.9597397,5.7459e-04
11.9911976,6.6351e-04
12.0161629,6.9756e-04
12.0386086,5.9574e-04
12.0431061,8.7427e-04
12.0660486,7.5918e-02
12.1499672,7.6119e-04
12.1609411,6.4705e-04
12.1734352,1.5973e-02
12.2117701,3.0838e-03
12.2179327,6.4944e-04
12.2236214,1.1147e-02
12.2492428,9.5907e-04
12.2780056,9.5708e-04
12.2836876,7.8581e-04
12.2935324,1.7128e-02
12.3363924,6.3302e-04
12.3415537,1.4058e-02
12.3659773,1.0102e-02
12.3836708,5.4102e-03
12.3937902,1.0095e-03
12.4000826,1.7397e-02
12.4191732,3.4274e-03
12.4261694,7.8039e-04
12.4369049,7.6771e-04
12.4726906,6.9775e-04
12.4937525,3.9158e-03
12.5007181,6.8413e-04
12.5064049,2.3727e-02
12.5437880,7.7062e-04
12.5481625,7.6011e-04
12.5616941,9.9500e-03
12.6210289,6.0247e-03
12.6442327,9.1274e-04
12.6583519,2.3006e-03
12.6686287,1.8111e-02
12.7158184,9.3045e-04
12.7204218,2.2135e-02
12.7507954,9.4979e-04
12.7564983,7.3244e-04
12.7652206,6.9660e-04
12.7746201,5.9947e-03
12.7944670,5.8000e-04
12.7994108,7.2812e-04
12.8089933,7.0887e-04
12.8232050,2.4842e-02
12.8522472,1.3167e-02
12.8703527,3.5627e-03
12.8785505,6.9310e-04
12.8811922,9.4458e-03
12.9092140,2.7316e-03
12.9307098,7.1842e-04
12.9444017,4.2042e-03
12.9838533,6.5478e-04
13.0124550,9.0776e-04
13.0289202,6.4827e-04
13.0333748,8.8406e-04
13.0390968,7.9860e-04
13.0643406,9.2016e-04
13.0716114,6.9398e-04
13.0831566,7.0893e-04
13.0862236,8.9947e-04
13.0951500,3.5535e-03
13.1050005,8.6110e-04
13.1078949,1.1188e-03
13.1148729,1.7002e-02
13.1342106,1.1209e-03
13.1395750,9.8668e-04
13.1541595,9.1483e-04
13.1769114,6.9716e-04
13.1809568,6.6437e-04
13.1855488,7.0954e-04
13.2089415,7.7510e-04
13.2165384,8.0323e-04
13.2269459,1.1811e-02
13.2450428,9.5757e-04
13.2482414,6.0408e-04
13.2943087,8.9873e-04
13.3084402,8.0006e-04
13.3110027,5.0347e-03
13.3279800,7.7570e-04
13.3347054,6.8846e-04
13.3698969,1.3957e-03
13.4020834,6.9381e-04
13.4052362,1.0879e-03
13.4091835,7.8069e-04
13.4233770,5.6089e-04
13.4279280,8.1521e-04
13.4306555,7.5977e-04
13.4364910,7.2329e-04
13.4398975,8.9636e-04
13.4479980,6.6718e-04
13.4572258,4.6073e-02
13.5205660,8.2348e-04
13.5492477,1.5844e-03
13.6039925,9.9394e-04
13.6080236,2.1132e-03
14.0357075,6.6847e-04
14.0419035,6.1064e-04
14.0572243,7.3855e-04
14.0611229,1.2506e-02
14.0819063,9.0917e-04
14.0888205,5.4718e-04
14.0958157,1.2593e-02
14.1121244,3.0833e-03
14.1264906,2.1990e-02
14.1510992,8.3948e-03
14.1638374,6.9666e-04
14.1768827,1.6387e-02
14.2126484,7.1558e-03
14.2247324,8.1701e-04
14.2488880,8.5163e-04
14.2553492,4.0747e-03
14.2900143,7.3003e-04
14.2932892,4.4659e-03
14.3193693,6.3510e-04
14.3298006,6.5348e-04
14.3458462,5.1333e-03
14.3552475,7.4376e-04
14.3593798,2.0987e-03
14.3639021,4.8252e-03
14.3995132,6.8753e-04
14.4195204,9.4054e-04
14.4249449,6.8405e-04
14.4305601,8.7953e-04
14.4363661,8.6052e-03
14.4512043,7.8087e-04
14.4620819,1.1809e-03
14.4693213,6.2530e-04
14.4754791,6.6836e-04
14.4839649,1.0103e-02
14.5120373,4.5029e-03
14.5213089,7.6365e-04
14.5377131,7.4649e-04
14.5476751,6.1062e-04
14.5528250,4.2034e-03
14.5719023,5.5710e-04
14.5777454,7.0275e-03
14.5986652,1.6112e-02
14.6207170,8.0551e-04
14.6437502,6.0326e-04
14.6494999,1.2811e-03
14.6553879,6.1679e-04
14.6880255,6.7527e-04
14.6926918,4.3495e-03
14.7018452,1.7692e-03
14.7087860,8.3015e-04
14.7149868,8.9148e-03
14.7410040,6.1241e-03
14.7518091,9.5858e-04
14.7587585,9.8943e-04
14.7646656,2.3125e-03
14.7821827,5.1867e-04
14.7882738,8.4999e-03
14.8094368,5.4513e-04
14.8146544,7.6646e-03
14.8279476,9.2031e-04
14.8340788,7.9215e-04
14.8415384,1.1930e-03
14.8464365,1.0590e-02
14.8816519,6.7022e-04
14.8958101,8.8240e-03
14.9084091,7.3696e-04
14.9146643,6.4001e-04
14.9388275,6.2837e-04
14.9431953,8.0209e-04
14.9572411,7.4097e-04
14.9678688,6.6394e-04
14.9712582,6.1875e-04
14.9858437,5.3122e-04
15.8494272,6.0136e-03
15.9489851,1.5380e-02
15.9745407,7.2812e-04
16.0068741,6.4360e-04
16.0329609,1.6520e-03
16.0409164,7.1010e-03
16.0900326,1.7484e-02
16.1119976,6.2377e-04
16.1306801,6.6195e-04
16.1359386,7.5602e-04
16.1447144,6.8081e-04
16.1610374,1.4323e-03
16.1693077,7.3111e-03
16.1891155,9.8925e-04
16.1983757,2.6139e-02
16.2366600,7.1003e-04
16.2423191,1.3235e-03
16.2617340,2.6708e-03
16.3027439,6.3954e-04
16.3089390,6.9159e-03
16.3196678,5.2468e-03
16.3271389,1.0013e-03
16.3355637,2.2819e-03
16.3477097,3.6807e-03
16.3579369,5.1884e-04
16.3665714,2.2788e-03
16.3721695,8.0349e-04
16.3785934,8.3721e-04
16.3888397,7.9630e-04
16.4254742,8.4468e-03
16.4785671,7.9062e-04
16.4883957,9.9960e-04
16.4957981,8.6580e-04
16.5233517,7.3425e-04
16.5381470,7.6312e-04
16.5445347,5.5090e-03
16.5548134,7.2388e-04
16.5693779,6.8371e-04
16.5965099,8.8161e-04
16.6085453,3.9963e-03
16.6311111,1.0708e-03
16.6586800,6.8299e-04
16.6681232,6.1554e-04
16.6708889,5.0899e-04
16.6757240,1.0615e-03
16.6909676,5.7219e-04
16.6966095,5.4360e-04
16.7100563,5.2487e-03
16.7334003,5.5404e-04
16.7432957,6.4355e-04
16.7679272,2.7746e-02
16.7998371,6.9639e-04
16.8047943,7.2044e-04
16.8102016,7.0727e-04
16.8162155,6.7336e-04
16.8212090,9.5491e-04
16.8278522,5.7596e-04
16.8456669,6.0340e-04
16.8530922,1.1852e-02
16.8940163,7.3642e-04
16.9248810,6.3755e-04
16.9301033,5.9437e-04
16.9524555,9.3119e-03
16.9718266,2.3847e-02
17.0008450,2.2222e-03
17.0118847,6.9752e-04
17.0395832,6.3961e-03
17.0506516,4.2667e-03
17.0599899,6.2805e-04
17.0706253,6.4263e-04
17.0861187,6.3969e-04
17.1085892,4.4932e-03
17.1221561,8.5346e-04
17.1269894,1.2850e-03
17.1551247,6.3169e-04
17.1620998,6.2074e-03
17.2145634,6.1011e-04
17.2305241,6.9660e-04
17.2358608,9.9039e-04
17.2564411,1.2798e-02
17.2985344,6.5797e-04
17.3119164,5.8610e-04
17.3202190,1.5724e-03
17.3421421,7.2684e-04
17.3484421,7.1181e-04
17.3677845,1.2102e-03
17.3728790,6.5935e-04
17.3836098,6.9840e-04
17.3886452,7.3120e-04
17.4227657,1.5873e-03
17.4320889,6.3348e-04
17.4356880,6.0179e-04
17.4384480,6.9395e-03
17.4567204,6.6380e-04
17.4716339,8.2910e-04
17.4925060,7.0899e-04
17.4977531,7.0249e-04
17.5486546,7.5522e-04
17.5574245,6.1241e-04
17.5608101,4.4787e-03
17.5963936,6.1954e-04
17.6004391,5.5040e-04
17.6339550,6.8809e-03
17.6593456,6.6302e-04
17.6692543,7.4465e-04
17.6747894,4.1052e-02
17.7258720,1.1873e-03
17.7514095,6.2465e-04
17.7564850,5.7391e-04
17.7632389,5.8749e-04
17.7675323,1.7863e-02
17.7932739,6.2906e-04
17.8101654,3.1804e-03
17.8176842,1.1952e-02
17.8372231,2.5357e-03
17.8614807,7.9627e-04
17.8725147,7.1175e-04
17.9037971,6.1614e-04
17.9356651,2.6516e-03
17.9408283,7.6487e-04
17.9456730,8.3024e-04
17.9530888,6.6146e-04
17.9638214,6.9329e-04
17.9760418,1.5001e-02
18.0066776,7.4541e-04
18.0346699,7.7934e-04
18.0542583,3.1760e-03
18.0686054,5.7120e-02
18.1713905,7.1130e-04
18.1833477,6.7758e-04
18.1889420,4.9832e-02
18.2668781,5.2232e-03
18.2764530,7.6555e-04
18.3107166,2.7587e-03
18.3211040,7.5329e-04
18.3446960,8.3395e-04
18.3497887,1.3167e-03
18.3587151,3.7259e-03
18.3676319,7.9183e-04
18.3734531,8.2484e-04
18.4238605,6.6235e-04
18.4269791,1.0678e-02
18.4460011,1.9289e-03
18.4621964,1.5783e-02
18.4856033,9.6644e-03
18.5086174,9.0737e-04
18.5593815,4.9474e-03
18.5674477,4.0984e-03
18.5993176,8.0520e-04
18.6088390,9.4501e-04
18.6178169,3.9065e-03
18.6265793,1.0202e-02
18.6643753,3.2498e-03
18.6867847,6.3862e-04
18.7167225,2.2997e-03
18.7348518,7.5458e-04
18.7393322,1.1924e-03
18.7768269,9.1362e-04
18.7959671,7.6363e-04
18.7993622,1.6492e-02
18.8236008,1.0016e-02
18.8465958,8.2258e-04
18.8937397,1.0423e-02
18.9058399,8.2485e-04
18.9119949,1.6418e-03
18.9184113,7.2211e-04
18.9296112,2.0828e-03
18.9348888,6.4166e-04
18.9402294,9.0675e-04
18.9483795,7.2131e-04
18.9613991,8.6047e-03
18.9747124,6.7518e-04
18.9773102,1.0675e-02
18.9961567,7.4251e-04
19.0060291,1.0197e-02
19.0213337,7.0803e-04
19.0669212,6.7175e-03
19.0779877,6.8714e-04
19.0924664,4.3978e-03
19.1345844,7.0683e-04
19.1424370,7.6349e-04
19.1503506,7.0417e-04
19.1555443,7.7298e-04
19.1606750,6.1286e-04
19.2152367,3.4735e-03
19.2217731,7.5846e-04
19.2274208,6.4954e-04
19.2308655,1.2646e-02
19.2477303,7.0848e-04
19.2547150,1.8495e-03
19.2603931,6.5714e-04
19.2636719,7.0615e-04
19.2663364,7.8038e-04
19.2705879,5.9152e-04
19.2747192,1.4024e-02
19.2974281,6.7140e-03
19.3063679,1.2571e-02
19.3233204,3.1122e-02
19.3574562,7.6703e-04
19.3624668,1.2908e-02
19.3836079,6.2919e-04
19.3940983,1.0583e-02
19.4092140,8.3689e-04
19.4203587,6.2707e-04
19.4255276,7.3165e-04
19.4345856,2.4385e-03
19.4606857,6.8326e-04
19.4733162,9.4840e-04
19.4865074,7.2899e-04
19.4915218,6.8824e-04
19.5099087,1.4708e-03
19.5158863,7.2741e-04
19.5250816,5.3544e-04
19.5315533,6.3364e-04
19.5443897,6.9372e-04
19.5608864,7.1088e-04
19.5659008,6.0788e-04
19.5897160,6.4691e-04
19.5969105,6.2527e-04
19.6008034,7.3539e-04
19.6103916,2.4749e-03
19.6224918,6.5543e-04
19.6275387,4.0150e-03
19.6444111,6.9304e-04
19.6496906,8.2504e-04
19.6529121,7.0476e-04
19.6649837,5.7685e-04
19.6717949,1.0659e-03
19.6790047,8.6384e-04
19.6835842,7.6043e-04
19.6905575,5.2726e-03
19.7000256,7.7266e-03
19.7134380,5.3200e-03
19.7227306,6.0617e-04
19.7305641,1.6461e-03
