time,runtime
0.0004459,7.6154e-04
0.0797124,8.0247e-04
0.1036599,9.3408e-04
0.1762923,9.6802e-04
0.1954556,8.8434e-04
0.2110396,7.6074e-04
0.3030599,8.5928e-04
0.3085726,7.3880e-04
0.4176854,8.7253e-04
0.4310286,8.5915e-04
0.4484462,8.6442e-04
0.4533658,7.2220e-04
0.4559759,7.6587e-04
0.4732338,7.7982e-04
0.4815853,7.9622e-04
0.4836543,9.3921e-04
0.5402430,8.5989e-04
0.5579401,7.6571e-04
0.5602966,6.9828e-04
0.5622322,6.9846e-04
0.5663307,7.7445e-04
0.5683703,1.0823e-03
0.5763564,9.2554e-04
0.5880630,8.4989e-04
0.5911759,1.1248e-03
0.5936671,7.9350e-04
0.6086109,8.1447e-04
0.6252652,6.6026e-04
0.6272489,6.9478e-04
0.6292709,7.5655e-04
0.6313388,8.4520e-04
0.6982762,8.4866e-04
0.7007049,1.1774e-03
0.7034125,8.6395e-04
0.7139346,6.9331e-04
0.7160084,7.3970e-04
0.7184867,7.3826e-04
0.7734783,7.3818e-04
0.7917035,7.1883e-04
0.7937969,7.5605e-04
0.8104783,2.1017e-03
0.8141081,9.7096e-04
0.8164203,8.5202e-04
0.8186996,7.9481e-04
0.8207192,6.6581e-04
0.8227129,8.4526e-04
0.8251159,7.3281e-04
0.8272727,7.5173e-04
0.8346646,8.4774e-04
0.8369378,7.9643e-04
0.8480002,7.8839e-04
0.8528497,7.5225e-04
0.8594826,7.9574e-04
0.8826416,7.6150e-04
0.9215721,8.2117e-04
0.9237760,7.2249e-04
0.9409835,8.0988e-04
0.9559144,7.6059e-04
0.9623539,8.1340e-04
0.9779683,7.4784e-04
0.9911540,7.8872e-04
0.9932412,7.1780e-04
1.0185530,7.6466e-04
1.0398535,8.6892e-04
1.0576431,9.3105e-04
1.0833721,8.6748e-04
1.1184362,9.6574e-04
1.1712118,8.5593e-04
1.1904837,7.7406e-04
1.2543104,7.2924e-04
1.2564167,7.4638e-04
1.2656034,9.4865e-04
1.2679100,7.4251e-04
1.2698972,7.6119e-04
1.2796788,7.0997e-04
1.2818650,6.9912e-04
1.2844583,7.6772e-04
1.2877879,8.3588e-04
1.2897855,7.9544e-04
1.2990755,7.5188e-04
1.3009679,8.6981e-04
1.3031093,7.8752e-04
1.3171226,9.6213e-04
1.3581171,7.4853e-04
1.3600919,7.5400e-04
1.3735271,7.4774e-04
1.3906220,8.0643e-04
1.3927456,8.4982e-04
1.3948206,7.0950e-04
1.3967643,7.4345e-04
1.4162377,8.5174e-04
1.4189340,7.5416e-04
1.4293234,7.6600e-04
1.4311546,6.9671e-04
1.4331182,7.8403e-04
1.4650152,8.1764e-04
1.4680090,8.3549e-04
1.4812155,8.0382e-04
1.4839419,7.6031e-04
1.5020866,8.0838e-04
1.5043300,1.1281e-03
1.5658237,7.9060e-04
1.5678948,8.2850e-04
1.5743451,7.7852e-04
1.6016192,8.1449e-04
1.6160872,7.6277e-04
1.6330583,9.7712e-04
1.6768923,1.1851e-03
1.6959176,8.5075e-04
1.6983443,7.6836e-04
1.7036208,7.4549e-04
1.7536575,7.5365e-04
1.7730145,7.3137e-04
1.8052019,7.2726e-04
1.8229158,6.8102e-04
1.8281074,8.2081e-04
1.8746973,8.8182e-04
1.9048570,9.4170e-04
1.9071587,8.2925e-04
1.9772317,7.0842e-04
1.9793061,8.1214e-04
1.9941893,8.5128e-04
2.0296354,7.8363e-04
2.0495102,8.6749e-04
2.0742774,9.0284e-04
2.0766172,8.5897e-04
2.0859802,1.0158e-03
2.0888069,9.6262e-04
2.0912306,8.2485e-04
2.1074052,9.1729e-04
2.1104300,8.6315e-04
2.1126697,7.7257e-04
2.1192384,1.1257e-03
2.1364739,7.8241e-04
2.1387718,7.9828e-04
2.1410170,7.6383e-04
2.1887052,8.4292e-04
2.2536981,9.9985e-04
2.2661226,8.1581e-04
2.2877209,8.1538e-04
2.3061910,9.0046e-04
2.3221269,7.7371e-04
2.3399627,7.2365e-04
2.3423057,1.0628e-03
2.3732843,7.5333e-04
2.3915505,7.5588e-04
2.4192972,8.9861e-04
2.4383061,7.7107e-04
2.4528055,7.9219e-04
2.4793949,9.0916e-04
2.5249591,7.9724e-04
2.5380516,7.7153e-04
2.5663557,8.1294e-04
2.5685887,8.6451e-04
2.5710649,8.2927e-04
2.5732510,7.5126e-04
2.5752234,7.9324e-04
2.5772040,9.0883e-04
2.5998559,7.8684e-04
2.6024697,7.0096e-04
2.6130614,7.7046e-04
2.6152647,7.8922e-04
2.6173956,7.4581e-04
2.6194568,8.4214e-04
2.6294079,9.5213e-04
2.6385159,8.2804e-04
2.6406183,7.5772e-04
2.6546662,7.2444e-04
2.6569128,7.8728e-04
2.6591508,1.0100e-03
2.6710627,8.3132e-04
2.6734316,8.4278e-04
2.6755490,9.1885e-04
2.6778700,7.7554e-04
2.6917796,8.3465e-04
2.6950517,7.7624e-04
2.6972082,9.1083e-04
2.7819419,9.1514e-04
2.8109717,8.3655e-04
2.8434753,7.1386e-04
2.8456993,1.1675e-03
2.8655915,7.9796e-04
2.8678443,8.0493e-04
2.8699541,8.2089e-04
2.8723743,8.5991e-04
2.8747067,8.1109e-04
2.8771222,9.5276e-04
2.9044871,9.8120e-04
2.9258261,1.0066e-03
2.9455643,1.0343e-03
2.9614496,8.3860e-04
2.9705513,8.5969e-04
2.9855263,7.8059e-04
3.0217817,7.7039e-04
3.0522189,7.6662e-04
3.0725868,1.0047e-03
3.0906386,7.3747e-04
3.1280990,9.2392e-04
3.1305721,9.1471e-04
3.1328859,7.4336e-04
3.1350625,8.6420e-04
3.1523559,9.4333e-04
3.1545229,8.0615e-04
3.1728683,8.6311e-04
3.1750793,7.8527e-04
3.1841567,7.4276e-04
3.1952519,8.0865e-04
3.1973372,7.9098e-04
3.2222681,7.5757e-04
3.2378411,1.1508e-03
3.2558434,9.3877e-04
3.2762821,2.5880e-02
3.3232856,9.3405e-04
3.3257577,8.3597e-04
3.3280241,9.3094e-04
3.3400633,8.2940e-04
3.3539200,6.6265e-04
3.3879805,7.4384e-04
3.4190533,8.4390e-03
3.4765353,1.4556e-03
3.5407243,8.4493e-04
3.5632687,9.7428e-04
3.6090600,8.0919e-04
3.6262698,8.9569e-04
3.6457615,7.6618e-04
3.6482005,9.8250e-04
3.6850488,8.1240e-04
3.7049363,9.9306e-04
3.7199595,8.5809e-04
3.7221227,8.4608e-04
3.7242193,7.6775e-04
3.7261639,8.5333e-04
3.7282908,8.6778e-04
3.7332063,1.2131e-03
3.7753847,7.4792e-04
3.8103638,9.0023e-04
3.8402891,9.0727e-04
3.8645537,8.8141e-04
3.8866460,1.2668e-03
3.8893378,1.0363e-03
3.9051726,7.7734e-04
3.9094932,1.0613e-03
3.9120989,9.9136e-04
3.9459035,7.8252e-04
3.9610252,7.7388e-04
3.9632173,7.9585e-04
3.9756522,7.1245e-04
3.9841084,4.0249e-03
3.9903774,9.9483e-04
3.9929817,7.6468e-04
4.0399075,7.1990e-04
4.0806441,3.3414e-03
4.1181717,9.4238e-03
4.1491590,9.0141e-04
4.1555896,7.7544e-04
4.2126689,9.1984e-04
4.2731929,1.3132e-03
4.2762880,8.8448e-04
4.3030500,8.4849e-04
4.3052125,9.2696e-04
4.3107629,7.4714e-04
4.3247409,7.6344e-04
4.3469620,7.7019e-04
4.3684530,8.2562e-04
4.3964458,8.4405e-04
4.4298968,1.7444e-03
4.4471703,1.0297e-03
4.4496794,6.5418e-03
4.4615016,7.0989e-04
4.4775972,7.8519e-04
4.4910321,7.3802e-04
4.5363083,8.1437e-04
4.5387368,8.6556e-04
4.5523939,7.0377e-04
4.5544291,7.7691e-04
4.5835962,1.2957e-03
4.5864172,9.6000e-04
4.5917349,8.1775e-04
4.5941234,8.0967e-04
4.5963798,9.9126e-04
4.5991054,7.9075e-04
4.6361389,1.0261e-03
4.6617236,7.8049e-04
4.6639218,7.1653e-04
4.6863952,1.4391e-03
4.6890688,8.0842e-04
4.7192297,7.9860e-04
4.7311430,9.5470e-04
4.7336802,9.6200e-04
4.7731361,7.9063e-04
4.8622937,9.0328e-04
4.8781581,8.3631e-04
4.8944788,8.4228e-04
4.9048457,8.0245e-04
4.9121146,1.0523e-03
4.9155312,9.8846e-04
4.9400930,1.0713e-03
4.9548988,7.7198e-04
4.9574590,8.3995e-04
4.9746895,7.9784e-04
4.9883204,7.5667e-04
5.0094361,7.2469e-04
5.1013160,8.0107e-04
5.1037154,8.0492e-04
5.1487994,8.7397e-04
5.1586809,8.0511e-04
5.1706872,1.3161e-03
5.1902862,6.8005e-04
5.2050433,7.3694e-04
5.2070384,6.8653e-04
5.2092881,1.1296e-03
5.2147880,9.3058e-04
5.2444038,7.9848e-04
5.2642694,8.0923e-04
5.2665300,8.0955e-04
5.2947397,8.1803e-04
5.3128533,7.7682e-04
5.3149481,7.8699e-04
5.3248501,8.9785e-04
5.3269219,8.2186e-04
5.3512912,6.9891e-04
5.3686042,7.8667e-04
5.3855543,8.0331e-04
5.4028316,1.6876e-02
5.4351382,9.1505e-04
5.4536180,7.7924e-04
5.4604378,7.9325e-04
5.4699507,9.6282e-04
5.5004182,9.4407e-04
5.5248413,7.2487e-04
5.5547462,8.6160e-04
5.5802970,9.3173e-04
5.5947657,1.0326e-03
5.6210308,9.5227e-04
5.6538982,8.4228e-03
5.6731377,7.8494e-04
5.6861858,9.0529e-04
5.7120638,7.0591e-04
5.7799268,7.3658e-04
5.7820783,8.4722e-04
5.7993617,7.9376e-04
5.8075857,6.9533e-04
5.8331838,9.4002e-04
5.8479729,8.0147e-04
5.8500838,7.2865e-04
5.8587241,7.2310e-04
5.8608165,8.4317e-04
5.8687801,4.4227e-03
5.8894339,8.4303e-04
5.9084992,1.1155e-03
5.9253793,9.0226e-04
5.9630065,9.5179e-04
5.9652624,8.2448e-04
5.9760346,8.1440e-04
5.9780860,9.1593e-04
5.9804602,7.6011e-04
5.9830546,7.6782e-04
5.9852076,9.5052e-04
6.0031352,8.7497e-04
6.0170045,7.4375e-04
6.0191078,1.0747e-03
6.0331364,8.6806e-04
6.0522833,8.9825e-04
6.0674262,8.8813e-04
6.0782266,8.5579e-04
6.1011548,1.1892e-03
6.1040311,8.1694e-04
6.1262827,9.2172e-04
6.1417017,7.8441e-04
6.1620436,9.6276e-04
6.1943560,8.9639e-04
6.2267132,8.8514e-04
6.2331562,1.3026e-03
6.2489481,1.0638e-03
6.2674823,8.6863e-04
6.2695694,8.4067e-04
6.2778668,7.3150e-04
6.2995195,1.0822e-03
6.3529367,8.2469e-04
6.3583345,7.4303e-04
6.3780203,1.3140e-03
6.3808861,7.1334e-04
6.3830509,7.3498e-04
6.4025550,1.8635e-02
6.4484186,7.3214e-04
6.4769144,1.0261e-03
6.4945378,7.3598e-04
6.5131474,8.2349e-04
6.6012483,9.1636e-04
6.6220207,7.3120e-04
6.6242685,8.3171e-04
6.6265635,7.6524e-04
6.6287012,8.6129e-04
6.6498899,8.9974e-04
6.6706395,8.2001e-04
6.6742043,8.3211e-04
6.6763120,7.2747e-04
6.6782508,8.3741e-04
6.6926770,7.5997e-04
6.6978283,8.8064e-04
6.7403307,7.9256e-04
6.7581906,8.3309e-04
6.7605848,6.9524e-04
6.7719841,8.3205e-04
6.7741866,7.2716e-04
6.7794213,4.5092e-03
6.7863693,7.7544e-04
6.8276029,7.6042e-04
6.8467107,7.4751e-04
6.8622160,8.8192e-04
6.8811884,7.8570e-04
6.8963966,8.5461e-04
6.9056950,7.2226e-04
6.9190278,8.2828e-04
6.9437890,7.7836e-04
6.9680066,7.4057e-04
7.0033612,7.4989e-04
7.0212264,8.1953e-04
7.0301127,9.9509e-04
7.0477662,8.3142e-04
7.0608940,1.0763e-03
7.0928912,7.0537e-04
7.1493831,8.4997e-04
7.1636872,7.7080e-04
7.2177587,9.1265e-04
7.2200079,9.4682e-04
7.2392678,7.2000e-04
7.2414012,6.7658e-04
7.2434173,1.1294e-03
7.2458916,9.9171e-04
7.2482548,8.0237e-04
7.2632294,8.8957e-04
7.2654467,9.0901e-04
7.2676916,2.7915e-03
7.2719216,8.0654e-04
7.2801743,1.0809e-03
7.3030639,7.5522e-04
7.3169651,8.0129e-04
7.3831415,9.1898e-04
7.3990989,8.4880e-04
7.4189992,7.8920e-04
7.4383569,7.7036e-04
7.4406972,7.8984e-04
7.4923916,8.8440e-04
7.5078192,2.1923e-03
7.5231481,9.4782e-04
7.5255504,1.1707e-03
7.5387859,7.4378e-04
7.5575447,8.4720e-04
7.5833549,1.0265e-03
7.5948968,8.0234e-04
7.6025691,7.9580e-04
7.6046572,9.0077e-04
7.6558247,7.9192e-04
7.6668067,5.7102e-03
7.6739020,8.9189e-04
7.6812339,7.5467e-04
7.7055058,7.8216e-04
7.7078824,8.7032e-04
7.7180376,9.1087e-04
7.7282724,7.7770e-04
7.7304478,1.5923e-03
7.7511811,1.0325e-03
7.7871356,7.9228e-04
7.8011718,8.6747e-04
7.8096514,9.2203e-04
7.8290811,1.2473e-02
7.8608646,8.0796e-04
7.8703861,1.0758e-03
7.8877492,7.9032e-04
7.8899798,1.0537e-03
7.8924737,7.4791e-04
7.9404030,7.6343e-04
7.9551525,7.2694e-04
7.9571528,1.0499e-03
7.9721150,7.7532e-04
7.9947271,8.6211e-04
8.0410147,8.0425e-04
8.0640306,1.3755e-02
8.0793810,1.0106e-03
8.0816240,9.3223e-04
8.1051064,7.6447e-04
8.1278639,9.4991e-04
8.1476250,1.1143e-03
8.1506481,8.1018e-04
8.1532602,7.1497e-04
8.1552896,8.5597e-04
8.1686401,8.2200e-04
8.2159653,8.2513e-04
8.2185841,8.0338e-04
8.2337427,8.4730e-04
8.2576189,2.5600e-03
8.2876520,8.4293e-04
8.2909145,9.3011e-04
8.3056469,9.5768e-04
8.3361292,7.3539e-04
8.3395920,4.2616e-03
8.3533850,2.9365e-03
8.3591061,7.3885e-04
8.3735199,7.2237e-04
8.4238539,8.0080e-04
8.4657364,4.4088e-02
8.5290022,7.7059e-04
8.5451202,1.0825e-03
8.5812216,9.9062e-04
8.5947514,2.8231e-03
8.5992565,9.2648e-04
8.6807165,8.4562e-04
8.7217464,7.6392e-04
8.7366438,7.4982e-04
8.7398558,1.0597e-03
8.7466631,8.1279e-04
8.7498350,9.5189e-04
8.7520800,7.9199e-04
8.7542734,7.5332e-04
8.7563829,1.0172e-03
8.7855005,5.9976e-03
8.8029222,1.6553e-03
8.8058968,1.0105e-03
8.8265295,1.4893e-03
8.8293715,1.2228e-03
8.8321295,7.6691e-04
8.8544817,8.8352e-04
8.8571367,9.2414e-04
8.8658409,8.5776e-04
8.8681641,7.9469e-04
8.8704815,7.4188e-04
8.8726692,8.3470e-04
8.8749800,7.4005e-04
8.8770494,8.1969e-04
8.8795786,7.7708e-04
8.8837919,8.0091e-04
8.8884840,9.2516e-04
8.8912563,7.6225e-04
8.8944206,1.1241e-03
8.9180460,8.6157e-04
8.9286203,8.9095e-04
8.9314442,8.1148e-04
8.9591064,8.2025e-04
8.9760370,7.7317e-04
9.0153913,7.4987e-04
9.0307856,1.2080e-03
9.0448666,8.6398e-04
9.0900097,8.9283e-04
9.0921421,8.5036e-04
9.0944138,8.5613e-04
9.0967321,7.9854e-04
9.1094894,9.1999e-04
9.1117411,7.1464e-04
9.1139727,8.6779e-04
9.1280870,8.2892e-04
9.1302366,7.2830e-04
9.1323996,8.0159e-04
9.1515493,7.1937e-04
9.1816301,8.2836e-04
9.2091780,2.5041e-02
9.2360220,1.1205e-03
9.2470589,8.8647e-04
9.2495737,1.1023e-03
9.2523870,8.4058e-04
9.2868185,8.0270e-04
9.3036165,8.4440e-04
9.3283653,8.0776e-04
9.3469601,9.7007e-04
9.3606358,7.7421e-04
9.3756790,8.4347e-04
9.3915329,8.5919e-04
9.4071732,9.1599e-04
9.4121199,8.9072e-04
9.4288425,7.6012e-04
9.4440298,1.0122e-03
9.4583912,9.8308e-04
9.4782038,7.2505e-04
9.4987478,6.9731e-04
9.5149240,7.4102e-04
9.5237465,7.5016e-04
9.5417233,8.5158e-04
9.5440149,6.9603e-04
9.5464582,1.1226e-03
9.5831957,6.6650e-04
9.6059732,2.1430e-03
9.6271658,1.1989e-03
9.6454763,1.8464e-03
9.6619034,7.4157e-04
9.6639967,7.3993e-04
9.6863804,8.3755e-04
9.7097807,7.6616e-04
9.7393417,7.5444e-04
9.8407602,8.3079e-04
9.8887196,7.5037e-04
9.9071083,9.9505e-04
9.9128771,8.0958e-04
9.9290791,7.2459e-04
9.9312172,7.6639e-04
9.9334326,7.9061e-04
9.9985971,8.6569e-04
10.0400105,1.0163e-03
10.0587664,9.4349e-03
10.0926075,8.9424e-04
10.0949450,9.4872e-04
10.0976915,7.8896e-04
10.1001892,7.8606e-04
10.1023817,7.8283e-04
10.1272717,8.0728e-04
10.1295128,6.8691e-04
10.1459599,9.6741e-04
10.1550875,9.6755e-04
10.1575451,9.1304e-04
10.1692448,1.2842e-03
10.2149925,7.9742e-04
10.2227554,8.6468e-04
10.2250147,7.7280e-04
10.2271919,8.2801e-04
10.2496519,7.7580e-04
10.2641802,7.3508e-04
10.2811728,8.1765e-04
10.2950764,8.7709e-04
10.3141003,7.3258e-04
10.3160582,9.0190e-04
10.3267765,8.9492e-04
10.3430567,1.3943e-02
10.3668900,7.7257e-04
10.3766422,1.2817e-03
10.3814116,8.5102e-04
10.3866806,8.8228e-04
10.3978434,8.0187e-04
10.4190464,1.3148e-03
10.4361677,9.5545e-04
10.4822149,7.2758e-04
10.5049925,1.0905e-02
10.5172615,7.5199e-04
10.5353479,1.0020e-03
10.5514698,7.6980e-04
10.5537968,9.9077e-04
10.5713825,8.5048e-04
10.6187887,7.7237e-04
10.6333141,7.3396e-04
10.6601133,8.0509e-04
10.6743994,7.6459e-04
10.6977510,1.5740e-03
10.7257605,8.1771e-04
10.7521172,9.6466e-04
10.7711697,8.1664e-04
10.7885752,9.3841e-04
10.8003683,7.6410e-04
10.8126488,8.7235e-04
10.8245068,7.6090e-04
10.8348999,9.7696e-04
10.8533297,7.9012e-04
10.8737049,7.6537e-04
10.8922777,1.0609e-02
10.9327202,1.0696e-03
10.9450092,9.9524e-04
10.9591665,7.5521e-04
10.9810257,1.6688e-03
11.0001059,9.8971e-04
11.0217485,7.9826e-04
11.0446777,8.9824e-04
11.0599079,9.7555e-04
11.0735922,2.9622e-03
11.0930014,9.8372e-04
11.0952902,1.6134e-03
11.1164665,9.8856e-04
11.1190586,8.6258e-04
11.1514645,9.8036e-04
11.1673975,8.2522e-04
11.1937523,8.1495e-04
11.2045240,1.0146e-03
11.2337112,8.4154e-04
11.2480297,8.3223e-04
11.2508860,7.8572e-04
11.2685452,1.0194e-03
11.2708549,7.3902e-04
11.2841158,7.6314e-04
11.3145170,8.3628e-04
11.3572664,9.5379e-04
11.3740139,7.1922e-04
11.3913918,1.2290e-03
11.3945541,1.3914e-03
11.4285240,9.1018e-04
11.4353018,7.8187e-04
11.4639206,7.0318e-04
11.4726038,1.0929e-03
11.4893684,7.6343e-04
11.5070324,1.1772e-03
11.5280066,9.3310e-04
11.5419378,8.4564e-04
11.5647898,1.4123e-03
11.5872469,8.1389e-04
11.6138878,8.0019e-04
11.6350718,8.4528e-04
11.6539011,7.5762e-04
11.6691990,7.2714e-04
11.6999674,8.5630e-04
11.7229548,9.6077e-04
11.7383966,8.4508e-04
11.7515059,8.9170e-04
11.7637472,7.3038e-04
11.7695942,9.0125e-04
11.7788839,7.4501e-04
11.8132734,8.0513e-04
11.8251600,9.5945e-04
11.8388958,7.2125e-04
11.8516254,8.1316e-04
11.8623104,3.4790e-03
11.8679276,8.3555e-04
11.8818798,7.6409e-04
11.8925915,7.4839e-04
11.9198494,3.2200e-03
11.9385681,7.6402e-04
11.9492760,8.2750e-04
11.9684753,7.8748e-04
11.9900560,2.9134e-03
12.0023413,7.5147e-04
12.0191765,7.2051e-04
12.0344563,8.4792e-04
12.0522852,7.9039e-04
12.0680246,9.1444e-04
12.0703402,1.2962e-03
12.1199532,7.8485e-04
12.1374798,8.4591e-04
12.1486845,9.2047e-04
12.1643658,8.6712e-04
12.1779108,8.3182e-04
12.2246189,8.4294e-04
12.2449522,9.0627e-04
12.2616682,8.4018e-04
12.2839069,7.4499e-04
12.3016996,8.2736e-04
12.3233280,7.5676e-04
12.3365040,7.0408e-04
12.3385849,8.5441e-04
12.3583336,8.1003e-04
12.3603354,1.5326e-03
12.3755474,7.8349e-04
12.3913631,8.6533e-04
12.4086599,7.9882e-04
12.4107618,6.9721e-04
12.4127007,6.4499e-04
12.4661732,8.1056e-04
12.4682312,7.9027e-04
12.4717884,8.2302e-04
12.4739590,7.0690e-04
12.4948368,9.0716e-04
12.4972630,7.5182e-04
12.4991589,9.7824e-04
12.5176649,7.0316e-04
12.5356607,3.9135e-03
12.5552492,7.9262e-04
12.5626440,7.4537e-04
12.5767660,1.4247e-03
12.5921288,8.0742e-04
12.6215487,7.9741e-04
12.6328287,1.1966e-03
12.6390228,7.3969e-04
12.6522493,9.7837e-04
12.7019377,8.1753e-04
12.7194910,9.0866e-04
12.7295370,7.1824e-04
12.7481537,9.6662e-04
12.7634125,8.4259e-04
12.7722073,7.1108e-04
12.7858334,1.1106e-03
12.8010969,7.9014e-04
12.8200760,8.1108e-04
12.8375530,1.5224e-02
12.8710079,7.3829e-04
12.8853502,8.8888e-04
12.8996544,6.9798e-04
12.9136505,7.3200e-04
12.9487400,9.9637e-04
12.9650030,6.8631e-04
12.9857731,7.8564e-04
12.9988470,8.1614e-04
13.0146885,8.1360e-04
13.0373869,7.6768e-04
13.0860090,7.9231e-04
13.1038065,1.0021e-03
13.1142139,9.1256e-04
13.1299915,8.3140e-03
13.1542797,7.5373e-04
13.1782742,1.0448e-03
13.2021084,4.1863e-03
13.2258606,1.0628e-03
13.2399893,7.7954e-04
13.2573462,7.9330e-04
13.2667809,7.2721e-04
13.2769537,7.0869e-04
13.2793655,1.0036e-03
13.2948828,8.2629e-04
13.3101501,6.9257e-04
13.3319397,8.9924e-04
13.3483000,7.2974e-04
13.3635836,7.4095e-04
13.3772783,8.7862e-04
13.3907137,8.7592e-04
13.4067678,7.0024e-04
13.4212360,9.9441e-04
13.4407053,1.0033e-03
13.4552679,7.7499e-04
13.4705753,7.3800e-04
13.4783163,7.0914e-04
13.4970636,7.9195e-04
13.5074444,7.5974e-04
13.5127993,7.5366e-04
13.5252323,7.7452e-04
13.5351410,9.0219e-04
13.5373526,8.0121e-04
13.5711079,1.1278e-03
13.5838938,6.6839e-04
13.6107712,8.7903e-04
13.6307993,9.5896e-04
13.6421366,1.3077e-03
13.6579466,7.7819e-04
13.6773396,1.0674e-03
13.6946592,7.7119e-04
13.7078753,1.5766e-03
13.7179832,7.7496e-04
13.7315540,9.3501e-04
13.7536478,7.8420e-04
13.7691879,8.7431e-04
13.7787180,8.8727e-04
13.7917824,9.4911e-04
13.8084431,9.8919e-04
13.8174734,1.0340e-03
13.8594112,9.6456e-04
13.8679533,7.9005e-04
13.8817720,7.5834e-04
13.9022675,1.2459e-03
13.9192476,8.7956e-04
13.9336853,9.9203e-04
13.9551601,9.3638e-04
13.9719114,8.2134e-04
13.9899330,8.5369e-04
14.0051708,7.3531e-04
14.0077696,7.5650e-04
14.0324879,1.0962e-03
14.0780849,7.5313e-04
14.0926676,7.4103e-04
14.1074619,7.4768e-04
14.1177053,7.9630e-04
14.1423082,8.0881e-04
14.1576777,7.6611e-04
14.1701756,9.5115e-04
14.1965656,1.0004e-03
14.2232399,1.4216e-02
14.2872066,7.6373e-04
14.3079367,7.7929e-04
14.3239031,9.8776e-04
14.3336115,7.7101e-04
14.3497009,7.7172e-04
14.3717585,6.9861e-04
14.3740492,6.9777e-04
14.4030113,8.8290e-04
14.4121027,7.7952e-04
14.4310141,8.7745e-04
14.4402056,7.5400e-04
14.4467211,9.2837e-04
14.4691467,7.4313e-04
14.4713173,7.7026e-04
14.4735527,6.6653e-04
14.4852161,8.0758e-04
14.4951258,9.0883e-04
14.5038347,8.7934e-04
14.5149326,7.4669e-04
14.5274343,9.7186e-04
14.5364437,9.3013e-04
14.5462799,1.0616e-03
14.5568008,8.0841e-04
14.5766611,8.8792e-04
14.5871658,9.4812e-04
14.6065025,9.2045e-04
14.6219673,7.2513e-04
14.6399422,7.7618e-04
14.6726656,7.7125e-04
14.6904659,7.3746e-04
14.7126665,7.9883e-04
14.7837791,7.8080e-04
14.7998953,7.8591e-04
14.8208637,8.8417e-04
14.8428726,6.7911e-04
14.8537254,8.2152e-04
14.8693199,7.8204e-04
14.8859997,1.4081e-03
14.8946753,1.4334e-03
14.9179249,9.7469e-04
14.9385576,8.6161e-04
14.9619617,9.0495e-04
14.9849825,9.5417e-04
14.9978409,9.3362e-04
15.0147142,8.7028e-04
15.0355272,3.1753e-03
15.0463858,8.2021e-04
15.0483751,7.0002e-04
15.0640097,8.8775e-04
15.0845051,8.3619e-04
15.1001778,7.7217e-04
15.1173754,7.0073e-04
15.1285963,7.7825e-04
15.1442747,8.4479e-04
15.1466074,8.6071e-04
15.1489506,7.8205e-04
15.1623039,8.2397e-04
15.1950912,7.7582e-04
15.2111301,8.4021e-04
15.2329836,9.2511e-04
15.2353525,8.2739e-04
15.2524920,7.9327e-04
15.2628336,9.0978e-04
15.2768822,1.5040e-03
15.2950535,7.8664e-04
15.3156528,7.5201e-04
15.3344965,1.2099e-03
15.3771372,7.9253e-04
15.4077654,6.9881e-04
15.4276237,8.3447e-04
15.4596405,8.1449e-04
15.4869719,7.9292e-04
15.5160275,1.0761e-03
15.5309095,8.7026e-04
15.5411625,7.8848e-04
15.5554037,7.9504e-04
15.5707989,7.0381e-04
15.5871620,1.1708e-03
15.6075506,8.5620e-04
15.6223068,1.0076e-03
15.6367826,8.0111e-04
15.6940079,1.0961e-03
15.7113667,8.7488e-04
15.7281418,9.0178e-04
15.7492723,9.5787e-04
15.7678804,7.0758e-04
15.7872009,8.4252e-04
15.8027554,7.4817e-04
15.8047886,6.7864e-04
15.8218918,8.2465e-04
15.8324203,8.6000e-04
15.8481541,9.1920e-04
15.8578157,1.4807e-03
15.8691549,8.4393e-04
15.8851681,8.5739e-04
15.9213467,7.7185e-04
15.9357443,8.1904e-04
15.9542351,8.8872e-04
15.9770584,8.8708e-04
15.9872150,1.2014e-03
15.9987879,7.5721e-04
16.0161819,7.0800e-04
16.0502777,8.3873e-04
16.0619030,1.0979e-03
16.0740013,8.9831e-04
16.0904922,1.2150e-03
16.1047211,9.4981e-04
16.1161747,8.7041e-04
16.1329517,1.3690e-03
16.1486187,1.1011e-03
16.1665535,9.0615e-04
16.1916981,1.3498e-03
16.2102528,6.9847e-04
16.2279339,8.2274e-04
16.2439537,1.0028e-03
16.2658825,9.8617e-04
16.2855244,9.3397e-04
16.3017616,7.3795e-04
16.3299446,8.8756e-04
16.3469334,8.6424e-04
16.3760777,9.0653e-04
16.3899956,1.0556e-03
16.4067574,9.4374e-04
16.4231281,8.1381e-04
16.4416656,7.9541e-04
16.4691277,9.5104e-04
16.4711781,8.3815e-04
16.4894791,9.7203e-04
16.4919033,1.1664e-02
16.5171509,7.5554e-04
16.5290661,7.3900e-04
16.5311584,7.4711e-04
16.5461369,9.6525e-04
16.5698528,1.2138e-03
16.5913334,7.8717e-04
16.5990238,8.9310e-04
16.6108017,8.6588e-04
16.6271610,7.7372e-04
16.6617603,1.7503e-03
16.6702652,6.0411e-04
16.7136021,8.0874e-04
16.7366676,1.0212e-03
16.7789516,7.7501e-04
16.7936153,7.8905e-04
16.8118820,7.2347e-04
16.8554859,1.2033e-03
16.9092140,8.2581e-04
16.9266891,4.0720e-03
16.9327240,9.7182e-04
16.9459400,6.9230e-04
16.9706173,1.2487e-03
16.9881573,8.7075e-04
16.9904976,8.7834e-04
17.0059185,1.6775e-03
17.0134068,7.0467e-04
17.0393505,8.8338e-04
17.0621567,1.0365e-03
17.0647640,7.6304e-04
17.0668926,7.1275e-04
17.0780849,8.3638e-04
17.1197243,4.6320e-03
17.1428185,8.0846e-04
17.1679611,9.5495e-04
17.1779346,8.3460e-04
17.1910801,1.2580e-02
17.2145824,9.2039e-04
17.2273026,9.4072e-04
17.2367039,8.4422e-04
17.2541752,7.5015e-04
17.2638416,1.0607e-03
17.2741070,8.4112e-04
17.2943497,8.0896e-04
17.3162079,7.1359e-04
17.3359699,8.4151e-04
17.3519268,7.6323e-04
17.3668747,7.7490e-04
17.3834991,8.2119e-04
17.3938026,1.6705e-03
17.4180450,1.0906e-03
17.4384613,7.6246e-04
17.4628372,8.7771e-04
17.4730244,9.2275e-04
17.4909401,8.6131e-04
17.4936829,1.0349e-03
17.5245361,9.7323e-04
17.5380859,8.7761e-04
17.5518417,8.0027e-04
17.5654736,1.0696e-03
17.5790215,7.6717e-04
17.5963650,7.7087e-04
17.6129150,8.7158e-04
17.6376801,7.7846e-04
17.6487446,9.7847e-04
17.6957741,1.6446e-02
17.7216835,1.0978e-03
17.7375736,8.3498e-04
17.7520390,8.4180e-04
17.7673607,1.0017e-03
17.7697372,8.1136e-04
17.7719097,8.4574e-04
17.8021069,8.9398e-04
17.8963413,7.8190e-04
17.9158554,7.9155e-04
17.9268417,9.5058e-04
17.9366875,7.6372e-04
17.9471054,8.8810e-04
17.9637566,1.1955e-03
17.9767342,8.4241e-04
17.9965725,8.8044e-04
18.0127640,1.1288e-03
18.0261555,1.2740e-03
18.0530281,8.1288e-04
18.0813103,1.1367e-03
18.1075859,8.3636e-04
18.1177464,8.2533e-04
18.1325703,7.7659e-04
18.1469345,7.4730e-04
18.1606903,8.1472e-04
18.1763382,8.7580e-04
18.1900997,9.4810e-04
18.2031956,7.8128e-04
18.2235184,1.0218e-03
18.2462330,8.3667e-04
18.2613850,9.7523e-04
18.2832146,9.7722e-04
18.3022614,8.6757e-04
18.3164272,7.4742e-04
18.3395061,1.0479e-03
18.3551998,8.0951e-04
18.3683987,9.0692e-04
18.3879814,7.6247e-04
18.3998928,7.2053e-04
18.4175587,1.3798e-02
18.4331017,9.1889e-04
18.4886703,8.2104e-04
18.4987507,7.1196e-04
18.5076065,7.6102e-04
18.5238800,7.8214e-04
18.5347404,9.1087e-04
18.5493755,7.2718e-04
18.5912189,8.2020e-04
18.5932789,8.1763e-04
18.5962353,6.9841e-04
18.6049347,8.9456e-03
18.6269112,8.8952e-04
18.6337662,1.0060e-03
18.6363373,7.9339e-04
18.6383610,2.0969e-02
18.6743793,7.7408e-04
18.6905193,1.0544e-03
18.7067490,1.5722e-03
18.7166843,8.7963e-04
18.7366924,8.2131e-04
18.7387695,8.9508e-04
18.7509327,8.8840e-04
18.7836971,7.5681e-04
18.7896423,7.1539e-04
18.8369770,7.4978e-04
18.8543930,9.7035e-04
18.8568897,7.3015e-04
18.8591156,7.0710e-04
18.8858528,9.4136e-04
18.9395504,1.0370e-03
18.9521523,9.4255e-04
18.9544716,7.7196e-04
18.9707794,1.0002e-03
18.9899426,8.3133e-04
18.9923973,9.0029e-04
18.9949360,8.2147e-04
18.9972286,8.3795e-04
19.0118065,1.8219e-03
19.0161171,1.5605e-03
19.0193214,7.5118e-04
19.0306664,8.2150e-04
19.0543423,1.2830e-03
19.0573502,8.7276e-04
19.0646992,8.9180e-04
19.1024628,1.8192e-03
19.1462269,8.6147e-04
19.1641617,9.9019e-04
19.1905460,9.0147e-04
19.2408714,8.3809e-04
19.2527351,8.4231e-04
19.2655220,9.0506e-04
19.3049946,7.4236e-04
19.3761673,8.1904e-04
19.3967819,8.9255e-04
19.4010048,8.2363e-04
19.4346714,9.2453e-04
19.4468040,9.1871e-04
19.4520950,9.0018e-04
19.4542007,8.3194e-04
19.4711876,9.6689e-04
19.4859333,1.1362e-03
19.4951324,8.4598e-04
19.5099068,2.0502e-03
19.5254021,7.8291e-04
19.5409012,5.5695e-03
19.5759354,9.1767e-04
19.6350861,8.4676e-04
19.7326851,7.5297e-04
19.7481956,8.8215e-04
19.7770557,8.9639e-04
19.7906933,7.8141e-04
19.8079262,3.4781e-03
19.8449860,9.0198e-04
19.8767986,8.5764e-04
19.8810463,8.7983e-04
19.9145794,8.9242e-04
19.9476566,7.9949e-04
19.9591637,8.4111e-04
20.0416813,7.2326e-04
20.0571518,8.2518e-04
20.0596695,8.5876e-04
20.0618458,6.8976e-04
20.0792923,9.5809e-04
20.0961761,8.5906e-04
20.1214523,7.0637e-04
20.1235104,2.6362e-03
20.1533604,7.5598e-04
20.1663361,9.0514e-04
20.1735096,9.6476e-04
20.1758461,8.6814e-04
20.1885719,9.9266e-04
20.2096195,1.2992e-03
20.2260609,1.0706e-03
20.2287102,1.0482e-03
20.2309990,8.5153e-04
20.2563133,7.9319e-04
20.2700768,7.7380e-04
20.2832241,8.1264e-04
20.2947330,7.9191e-04
20.3065834,8.1983e-04
20.3208160,1.0438e-03
20.3302250,8.9804e-04
20.3505020,5.8079e-03
20.3749504,1.1280e-03
20.3882427,9.7094e-03
20.4216061,8.4149e-04
20.4421024,1.2449e-03
20.4648895,9.4932e-04
20.4848824,8.4671e-04
20.5166817,1.3398e-03
20.5410633,7.5019e-04
20.5563602,8.4628e-04
20.5755501,6.8823e-04
20.5918446,7.9515e-04
20.6086845,8.8801e-04
20.6344566,1.0431e-03
20.6553173,8.5723e-04
20.6868458,7.9423e-04
20.7169399,2.6563e-03
20.7210445,9.1375e-04
20.7490692,7.8589e-04
20.7643089,8.4192e-04
20.7862854,7.6303e-04
20.7984371,6.9537e-04
20.8400955,7.7559e-04
20.8586502,1.1384e-03
20.8857422,8.9674e-04
20.8881493,8.8607e-04
20.8953972,7.7108e-04
20.8976574,8.7933e-04
20.9316063,8.4267e-04
20.9338760,7.8643e-04
20.9634914,8.0011e-04
20.9657841,6.9236e-04
21.0552998,8.7964e-04
21.0580120,7.4346e-04
21.0835228,9.7020e-04
21.1069603,9.0823e-04
21.1286755,9.1853e-04
21.1438446,7.7981e-04
21.1464195,8.2356e-04
21.1489162,8.2539e-04
21.1514359,7.1777e-04
21.1534767,8.3836e-04
21.1556282,8.1548e-04
21.1914291,9.9190e-04
21.2027340,7.3421e-04
21.2246132,7.4303e-04
21.2639790,4.7875e-03
21.2854385,1.0951e-03
21.3200607,7.8612e-04
21.3560963,9.8338e-04
21.3744946,8.7039e-04
21.4151611,1.6164e-03
21.4360943,8.6357e-04
21.4645805,7.7273e-04
21.4666767,8.0377e-04
21.4689198,7.5374e-04
21.4755173,7.5116e-04
21.4888916,9.2053e-04
21.4911327,8.0693e-04
21.5013809,7.6875e-04
21.5136414,9.0209e-04
21.5276356,7.5082e-04
21.5468616,8.3355e-04
21.5887108,8.5328e-04
21.6043701,7.6125e-04
21.6364841,7.5142e-04
21.6522446,6.3942e-03
21.6888294,1.0255e-03
21.6914711,7.0994e-04
21.7214947,7.8135e-04
21.7383041,1.3201e-03
21.7531586,1.0072e-03
21.7554321,8.4682e-04
21.7574406,8.2847e-04
21.7595539,7.6014e-04
21.7616997,6.8593e-04
21.8189583,8.9981e-04
21.8218460,7.7197e-04
21.8322449,8.1127e-04
21.8562679,7.6744e-04
21.8583622,7.6294e-04
21.8784618,8.8983e-04
21.9023800,9.3489e-04
21.9164429,8.3403e-04
21.9296627,7.8853e-04
21.9317188,8.2873e-04
21.9472084,7.1387e-04
21.9492092,8.5152e-04
21.9701405,8.9498e-04
21.9992485,9.6458e-04
22.0130577,8.7947e-04
22.0269833,7.2952e-04
22.0429878,7.5894e-04
22.0535488,8.5829e-04
22.0774231,8.1303e-04
22.0838680,1.0036e-03
22.0861835,9.1470e-04
22.0884171,7.7120e-04
22.0903778,9.6780e-04
22.0998764,8.9759e-04
22.1079693,9.5521e-04
22.1151009,8.4897e-04
22.1174221,9.2447e-04
22.1197529,9.3338e-04
22.1347561,8.0595e-04
22.1616478,9.0747e-04
22.1813698,7.0936e-04
22.2006474,6.9727e-04
22.2283611,8.3887e-04
22.2574081,1.4153e-03
22.2773380,8.2239e-04
22.3249073,9.2407e-04
22.3432350,7.8016e-04
22.3573856,8.0460e-04
22.3634243,7.0325e-04
22.3892326,9.0781e-04
22.4058971,9.5969e-04
22.4202824,9.0839e-04
22.4511127,8.2907e-04
22.4738331,6.8346e-04
22.4886208,8.8252e-04
22.5074100,8.5481e-04
22.5371017,7.8739e-04
22.5563087,8.6025e-04
22.5842113,9.2472e-04
22.5926323,7.5335e-04
22.6360779,8.7619e-04
22.6535969,7.4957e-04
22.6674118,7.9867e-04
22.6854115,9.5160e-04
22.6968231,4.7011e-03
22.7062798,1.5070e-03
22.7249374,9.4062e-04
22.7650967,1.0297e-03
22.7936649,7.3301e-04
22.8086967,9.1777e-04
22.8223343,7.4796e-04
22.8244743,8.3770e-04
22.8265743,9.4292e-04
22.8460522,8.6336e-04
22.8649120,9.0752e-04
22.8688335,1.0532e-03
22.8809471,7.4698e-04
22.9010582,7.7120e-04
22.9345112,5.4267e-03
23.0137577,9.1467e-04
23.0304451,7.8555e-04
23.0499115,9.9418e-04
23.0673847,8.1126e-04
23.1032772,9.1141e-04
23.1214504,1.1077e-03
23.1327782,9.6705e-04
23.1370125,1.3294e-03
23.1564064,8.7679e-04
23.1586132,7.8747e-04
23.1608429,7.1394e-04
23.1630039,9.0683e-04
23.2196808,8.8010e-04
23.2873116,9.0037e-04
23.3008823,8.6501e-04
23.3030720,7.3677e-04
23.3050499,8.9901e-04
23.3375721,8.1139e-04
23.3544502,8.2294e-04
23.3566818,7.2364e-04
23.3754940,9.9059e-04
23.4036217,8.3658e-04
23.4339733,2.3196e-02
23.4584923,1.2993e-03
23.4610558,7.1878e-04
23.4631119,8.4767e-04
23.4654369,8.4470e-04
23.5063591,9.1889e-04
23.5162296,8.5236e-04
23.5364437,6.7655e-04
23.5550041,8.3035e-04
23.5715714,1.0129e-03
23.5812378,6.9161e-04
23.6271305,7.0307e-04
23.6735535,8.5285e-04
23.7224369,8.6611e-04
23.7338066,1.7128e-03
23.7534618,8.4703e-04
23.7556953,8.2629e-04
23.7577362,7.4012e-04
23.7655945,7.1905e-04
23.7778168,8.4887e-04
23.7908401,9.5949e-04
23.8018208,8.5417e-04
23.8046074,8.0685e-04
23.8172035,9.6201e-04
23.8194981,7.0154e-04
23.8320103,8.1678e-04
23.8462753,8.7819e-04
23.8675232,8.8693e-04
23.8799496,1.0037e-03
23.8972244,9.5111e-04
23.9000988,9.8143e-04
23.9173756,1.3831e-03
23.9377861,7.7934e-04
23.9493809,8.9695e-04
23.9713917,7.6520e-04
23.9927692,8.2955e-04
24.0117054,8.5857e-04
24.0305080,1.3934e-03
24.0446568,9.7220e-04
24.0770493,7.9036e-04
24.0948563,6.6393e-04
24.1166744,8.2382e-04
24.1186962,8.0071e-04
24.1293850,7.9762e-04
24.1454182,7.0970e-04
24.1628914,7.6409e-04
24.1712303,6.6005e-04
24.1732121,8.3566e-04
24.1829929,7.4560e-04
24.1971283,7.4267e-04
24.2062721,7.4308e-04
24.2329540,8.1405e-04
24.2448807,1.0508e-03
24.2531452,7.2778e-04
24.2680759,8.7342e-04
24.2947826,7.0907e-04
24.3079300,7.7783e-04
24.3296375,7.3377e-04
24.3481808,9.5639e-04
24.3694992,7.4831e-04
24.3879986,8.3662e-04
24.4176350,9.1756e-04
24.4654675,9.7994e-04
24.4943962,7.0154e-04
24.4965382,6.9406e-04
24.5364742,7.6035e-04
24.5622368,8.9111e-04
24.6085358,8.1466e-04
24.6275139,9.0393e-04
24.6570930,8.0449e-04
24.6698151,8.4990e-04
24.6878223,7.4827e-04
24.6972275,7.9441e-04
24.7062855,1.0834e-03
24.7194614,7.1907e-04
24.7379379,8.0111e-04
24.7798157,9.4907e-04
24.8160706,8.0220e-04
24.8736305,8.2551e-04
24.8895493,1.0153e-03
24.8920441,1.0641e-03
24.9423656,8.6056e-04
24.9705486,7.7756e-04
24.9786758,9.7531e-04
24.9899940,8.3660e-04
25.0083923,7.8127e-04
25.0207920,7.9666e-04
25.0341206,7.7678e-04
25.0543499,8.9686e-04
25.0737057,7.8585e-04
25.0896072,8.2218e-04
25.0978432,8.0267e-04
25.1141911,1.1367e-03
25.1168804,1.1151e-03
25.1318188,8.4992e-04
25.1501541,7.0761e-04
25.1521606,7.4832e-04
25.1672897,2.2217e-03
25.1727600,9.6366e-04
25.2264690,8.1542e-04
25.2286377,7.0124e-04
25.2306633,1.0944e-03
25.2619514,8.6119e-04
25.2799282,1.0538e-03
25.2823486,7.6371e-04
25.2964706,8.0238e-04
25.3115177,8.2260e-04
25.3264027,9.6704e-04
25.3355141,7.7103e-04
25.3525658,1.6835e-03
25.3699131,9.5978e-04
25.3737450,1.4740e-03
25.3766785,9.8551e-04
25.3791046,1.0991e-03
25.3900375,7.0538e-04
25.3957462,6.8544e-04
25.3978786,7.1456e-04
25.4294548,9.5792e-04
25.4318886,8.0163e-04
25.4434891,4.8606e-03
25.4505730,9.2928e-04
25.4529266,8.0268e-04
25.4549599,8.7510e-04
25.5343857,1.2660e-03
25.5875473,7.8471e-04
25.6090946,1.0285e-03
25.6515331,8.2739e-04
25.6673260,7.5739e-04
25.6904182,8.2745e-04
25.7015495,7.7278e-04
25.7074203,1.2156e-02
25.7387676,1.0065e-02
25.7513180,9.8839e-04
25.7535763,7.3782e-04
25.7558365,6.7204e-04
25.7580204,1.1937e-03
25.7770748,7.4039e-04
25.8362083,8.5001e-04
25.8546181,1.2768e-03
25.8799572,7.7733e-04
25.8821545,7.9461e-04
25.8843040,8.2113e-04
25.8864517,6.8170e-04
25.8882961,7.0678e-04
25.9209557,7.3863e-04
25.9232521,7.9512e-04
25.9257278,7.5040e-04
25.9277515,7.8723e-04
25.9296589,7.1151e-04
25.9324398,7.2538e-04
25.9345093,7.5952e-04
25.9365520,7.3531e-04
25.9523678,7.7887e-04
25.9729786,8.2938e-04
25.9900188,1.0392e-03
26.0303154,6.8961e-04
26.0542717,9.2320e-04
26.0809689,9.0388e-04
26.0981560,8.2597e-04
26.1168785,8.2439e-04
26.1313362,7.7009e-04
26.1460247,9.2223e-04
26.1767597,8.5752e-04
26.1948814,1.3335e-03
26.2042427,7.3249e-04
26.2137432,7.6403e-04
26.2256107,7.2254e-04
26.2274342,7.3445e-04
26.2630043,7.9828e-04
26.2764893,8.7468e-04
26.2949085,9.4028e-04
26.2971153,7.1903e-04
26.3070774,7.8930e-04
26.3122940,7.6360e-04
26.3269348,9.5986e-04
26.3292408,8.5733e-04
26.3323669,8.2730e-04
26.3607922,9.1626e-04
26.3758202,7.7388e-04
26.3778858,7.5191e-04
26.4264240,6.6262e-04
26.4801769,8.9639e-04
26.5086651,1.0074e-03
26.5309677,9.1992e-04
26.5332241,8.4586e-04
26.5352917,7.6161e-04
26.5588665,7.5582e-04
26.5612335,6.6865e-03
26.5694466,4.1467e-03
26.5748806,6.5156e-03
26.5826168,8.6344e-04
26.6072884,8.5447e-04
26.6242409,8.0182e-04
26.6302433,1.2199e-03
26.6332550,9.1002e-04
26.6355991,9.7024e-04
26.6382523,8.0042e-04
26.6516628,8.3743e-04
26.6536388,7.5300e-04
26.6724472,7.7764e-04
26.7169361,7.3228e-04
26.8010063,8.7939e-04
26.8233547,8.4807e-04
26.8515682,8.0794e-04
26.8755951,9.5066e-04
26.8778706,7.7346e-04
26.8827782,8.3019e-04
26.8930626,8.9419e-04
26.8952141,8.2055e-04
26.9087505,9.4377e-04
26.9157887,1.0623e-03
26.9262753,9.1107e-04
26.9485607,8.6256e-04
26.9818230,9.8221e-04
26.9894867,7.2615e-04
27.0023937,8.7897e-04
27.0127735,7.2244e-04
27.0216503,8.2032e-04
27.0452480,7.7725e-04
27.0514126,7.6188e-04
27.0604877,8.0034e-04
27.0699558,8.9319e-04
27.0731411,8.1658e-04
27.0905876,8.0682e-04
27.1101055,9.5304e-04
27.1308861,8.3429e-04
27.1422825,8.1158e-04
27.1638451,9.6992e-04
27.1770248,8.3388e-04
27.2078133,1.0443e-03
27.2270088,7.6770e-04
27.2441025,4.5044e-03
27.2673588,7.9254e-04
27.2697201,7.9574e-04
27.2969303,8.1130e-04
27.3253040,7.5864e-04
27.3786507,8.3030e-04
27.3809566,9.6104e-04
27.3831692,8.8035e-04
27.4394493,7.4323e-04
27.4414101,7.7739e-04
27.4727135,8.8926e-04
27.4761620,1.1453e-03
27.4786072,8.5385e-04
27.4806366,9.3330e-04
27.5241451,7.2158e-04
27.5366936,8.1531e-04
27.5644321,7.6323e-04
27.5665665,7.3927e-04
27.5685921,7.6400e-04
27.5708294,7.9366e-04
27.5731792,9.3806e-04
27.5754128,6.9141e-04
27.5772915,8.0744e-04
27.5942879,8.1445e-04
27.5963345,7.4348e-04
27.5985107,8.9218e-04
27.6258488,8.2759e-04
27.6357994,7.0774e-04
27.6377602,6.9369e-04
27.6868706,8.2912e-04
27.7000256,7.9008e-04
27.7365246,7.9100e-04
27.7802868,9.8118e-04
27.8559875,9.7532e-04
27.9011784,8.1947e-04
27.9037075,8.8520e-04
27.9136238,8.7537e-04
27.9705315,7.9589e-04
28.0496426,9.3250e-04
28.0521584,9.4200e-04
28.0544930,9.4294e-04
28.0566692,7.9709e-04
28.0588017,8.0094e-04
28.0752468,7.8983e-04
28.0774765,7.2244e-04
28.1141090,7.8198e-04
28.1384830,9.2738e-04
28.1801968,8.3992e-04
28.2345333,7.8977e-04
28.2497025,7.4223e-04
28.2670765,9.0468e-04
28.2885475,4.3719e-03
28.3373623,8.6337e-04
28.3533688,9.1805e-04
28.3673649,7.8591e-04
28.3695793,7.5827e-04
28.3715515,7.9671e-04
28.4033642,7.0694e-04
28.4358673,8.5313e-03
28.4644184,8.2207e-04
28.4664574,7.9824e-04
28.4946327,8.7808e-04
28.5249767,8.4831e-04
28.5272007,6.9055e-04
28.5292206,7.5822e-04
28.5311279,8.1227e-04
28.5551338,9.7025e-04
28.5639915,7.2976e-04
28.5716534,8.0282e-04
28.5862236,7.6349e-04
28.5885906,8.4984e-04
28.6423817,9.4616e-04
28.6486874,6.7069e-04
28.6509171,6.7923e-04
28.6663742,9.5746e-04
28.6689243,7.9908e-04
28.6742554,1.0195e-03
28.7167645,9.0683e-04
28.7197437,8.7119e-04
28.7304173,9.3194e-04
28.7329082,8.2608e-04
28.7351627,9.7014e-04
28.7564487,7.7852e-04
28.7659149,6.9565e-04
28.7679996,7.5917e-04
28.7837830,7.6631e-04
28.7994537,7.9909e-04
28.8101082,7.6510e-04
28.8188324,8.4656e-04
28.8266773,8.5222e-04
28.8470898,6.9646e-04
28.8491764,8.3785e-04
28.8514690,9.2950e-04
28.8850651,7.8790e-04
28.9205132,7.1912e-04
28.9361286,9.2601e-04
28.9959602,8.2552e-04
29.0250740,8.3758e-04
29.0326519,7.6301e-04
29.0446968,8.9272e-04
29.0471611,8.0131e-04
29.0493698,7.1625e-04
29.0701008,1.0441e-03
29.0723038,7.1005e-04
29.0843334,8.8423e-04
29.0867004,7.8963e-04
29.0887680,7.8661e-04
29.0909100,7.7318e-04
29.1136379,8.3496e-04
29.1156635,7.9513e-04
29.1178341,7.2914e-04
29.1322327,8.3857e-04
29.1454906,8.2631e-04
29.1761017,8.8118e-04
29.1855011,9.1061e-04
29.2068787,9.3173e-04
29.2389851,7.4645e-04
29.2557240,7.4321e-04
29.2577744,8.7780e-04
29.2963581,8.3097e-04
29.2987270,9.5996e-04
29.3013458,7.7704e-04
29.3034611,7.8050e-04
29.3055286,6.8176e-04
29.3075829,8.9178e-04
29.3098679,7.3746e-04
29.3893909,9.0693e-04
29.3981972,1.1847e-03
29.4106140,1.2260e-03
29.4361858,8.4358e-04
29.4563656,7.4135e-04
29.5301800,7.2592e-04
29.5664272,8.2080e-04
29.5809250,8.2454e-04
29.6164303,7.8976e-04
29.6265812,8.1170e-04
29.6492462,1.1719e-03
29.6874962,1.0617e-03
29.7031689,8.7423e-04
29.7257137,1.0153e-03
29.7485085,8.6209e-04
29.7505989,7.8423e-04
29.7637749,9.3125e-04
29.7660675,8.1970e-04
29.8478317,8.0129e-04
29.8822231,8.2835e-04
29.8998814,1.8279e-03
29.9135571,7.6500e-04
29.9185848,7.4387e-04
29.9208698,9.6917e-04
29.9356728,1.2827e-03
29.9384727,9.7243e-04
29.9442616,1.9438e-03
29.9865074,7.1377e-04
30.0529404,7.8119e-04
30.0555325,8.0868e-04
30.0685596,7.8066e-04
30.0726871,8.2288e-04
30.0884285,8.8340e-04
30.1032619,7.4541e-04
30.1171703,8.4739e-04
30.1193924,7.5726e-04
30.1446953,7.3539e-04
30.1650734,7.6026e-04
30.1887398,6.9074e-04
30.2080479,8.9990e-04
30.2244320,9.8056e-04
30.2626553,8.9109e-04
30.2647820,7.9836e-04
30.2790451,1.3655e-03
30.2891884,7.7738e-04
30.3048573,8.7479e-04
30.3297672,7.2817e-04
30.3484917,7.3267e-04
30.3655090,9.9203e-04
30.4201107,7.4884e-04
30.4385929,7.4219e-04
30.4589767,7.1905e-04
30.4783478,7.3989e-04
30.5136509,7.6302e-04
30.5488625,8.0832e-04
30.5509262,7.1273e-04
30.5774117,2.6001e-03
30.6039619,7.6347e-04
30.6260719,7.9023e-04
30.6530590,8.3098e-04
30.6568851,6.8915e-04
30.6655178,7.0665e-04
30.7139187,7.1592e-04
30.7295246,1.0284e-02
30.7468700,1.5671e-03
30.7684917,6.9281e-04
30.7799435,7.1808e-04
30.7978554,8.2376e-04
30.8073292,9.5684e-04
30.8227863,9.1621e-04
30.8375340,9.3252e-04
30.8889446,8.9206e-04
30.9080715,8.8498e-04
30.9227161,8.7494e-04
30.9443378,9.2330e-04
30.9569035,8.1199e-04
30.9589539,8.2632e-04
30.9732342,8.2175e-04
30.9838772,1.0713e-03
30.9861736,6.7064e-04
30.9884109,9.2696e-04
30.9993629,9.5284e-04
31.0081291,1.0392e-03
31.0668182,8.7260e-04
31.0797882,7.9676e-04
31.1103573,9.7015e-04
31.1267033,9.3411e-04
31.1403141,8.5191e-04
31.1572304,8.4925e-04
31.1700401,8.9618e-04
31.1898956,7.9078e-04
31.2550869,8.3348e-04
31.2699223,7.1365e-04
31.2993851,7.9265e-04
31.3207970,8.2551e-04
31.3387871,8.6517e-04
31.3617516,8.2790e-04
31.3771915,8.3363e-04
31.3897762,8.2793e-04
31.3972931,8.2480e-04
31.4097290,8.2042e-04
31.4292583,9.8780e-04
31.4398651,8.0924e-04
31.4573765,9.3067e-04
31.4751949,7.6792e-04
31.4883366,7.6341e-04
31.5022831,7.2635e-04
31.5120983,7.4682e-04
31.5291023,7.0927e-04
31.5401306,7.9521e-04
31.5893059,9.1904e-04
31.5915871,7.7909e-04
31.6005802,9.0641e-04
31.6102638,1.2169e-03
31.6317596,7.8719e-03
31.6554298,7.9000e-04
31.7126560,1.4511e-03
31.7297382,1.6244e-03
31.7430801,8.4196e-04
31.7702942,7.3732e-04
31.7908192,8.5448e-04
31.8054085,6.8948e-04
31.8198318,7.5670e-04
31.8219738,3.9669e-03
31.8273907,7.3874e-04
31.8486614,7.7529e-04
31.8507385,7.8343e-04
31.8751621,8.7065e-04
31.8886719,1.1199e-03
31.8995705,1.0924e-03
31.9099293,7.8678e-04
31.9123096,7.0438e-04
31.9420109,8.8598e-04
31.9641228,8.6998e-04
31.9994125,8.0616e-04
32.0239105,8.2977e-04
32.0582504,7.0464e-04
32.0746422,1.0447e-03
32.0772820,7.1229e-04
32.0887337,8.0431e-04
32.0910988,7.8496e-04
32.1124840,7.9177e-04
32.1354485,1.0104e-03
32.1612282,1.1280e-03
32.1923523,9.3628e-04
32.2126465,1.0317e-03
32.2381210,8.3187e-04
32.2432709,9.2563e-04
32.3043098,8.7822e-04
32.3338127,8.5058e-04
32.3448677,8.2005e-04
32.3764839,8.6765e-04
32.4426308,1.2319e-03
32.4741249,1.3358e-03
32.5086327,8.6177e-04
32.5646362,8.7190e-04
32.5837402,1.0088e-03
32.5891418,9.5596e-04
32.5954323,7.2573e-04
32.6109695,1.0733e-03
32.6264801,1.0968e-03
32.6402588,9.1402e-04
32.6507111,9.6010e-04
32.6530685,8.5949e-04
32.6793556,8.1403e-04
32.7166176,8.9349e-04
32.7254944,9.3893e-04
32.7717400,8.4654e-04
32.8155098,8.4236e-04
32.8387222,7.8685e-04
32.8533440,8.2963e-04
32.8671684,8.3602e-04
32.8828735,7.8122e-04
32.9006958,1.0359e-03
32.9278183,8.2413e-04
32.9299240,8.1774e-04
32.9320183,1.0106e-03
32.9345665,1.1650e-03
32.9373627,8.0820e-04
32.9436073,8.7487e-04
33.0567055,9.4782e-04
33.1930733,7.8625e-04
33.2283897,8.2555e-04
33.2416801,9.3365e-04
33.2441101,8.6770e-04
33.2464485,8.2728e-04
33.2492027,1.0067e-03
33.2519455,1.5051e-03
33.2549019,8.3628e-04
33.2604179,9.9221e-04
33.2628403,8.6007e-04
33.2650719,9.2470e-04
33.2676239,7.0457e-04
33.2977295,7.8517e-04
33.3211784,2.3183e-03
33.3259544,1.1044e-03
33.3284874,8.0523e-04
33.3604317,9.2837e-04
33.3747978,7.9102e-04
33.3938713,8.5197e-04
33.4105988,7.6738e-04
33.4186058,7.5081e-04
33.4367142,7.1653e-04
33.4571877,8.9160e-04
33.4593544,9.6829e-04
33.4619217,9.3872e-04
33.4640656,1.2770e-03
33.4832344,7.9893e-04
33.5148621,1.1523e-03
33.5195580,7.4062e-04
33.5219688,9.0828e-04
33.5496674,8.5108e-04
33.5723953,8.9699e-04
33.5746040,7.4684e-04
33.5765800,7.0131e-04
33.5967979,8.6534e-04
33.5991745,7.5418e-04
33.6145020,1.1327e-02
33.6302986,1.0108e-03
33.6519241,7.3583e-04
33.6541748,8.2005e-04
33.6565056,7.9120e-04
33.7325630,7.3142e-04
33.7687950,9.9337e-04
33.7815170,9.4846e-04
33.8007164,8.8478e-04
33.8127594,1.0156e-03
33.8345032,9.4720e-04
33.8474121,7.5628e-04
33.8670807,9.1011e-04
33.8749237,8.6121e-04
33.8983231,7.8798e-04
33.9678383,8.1909e-04
33.9946098,9.0239e-04
34.0087204,8.1846e-04
34.0298996,9.4087e-04
34.0633621,8.6948e-04
34.0837326,8.5555e-04
34.1179276,9.2460e-04
34.1331177,7.0453e-04
34.1464462,9.1087e-04
34.1621857,8.3114e-04
34.1713524,1.4596e-03
34.1884346,7.1779e-04
34.2012329,7.5405e-04
34.2137146,8.3003e-04
34.2226028,7.2782e-04
34.2328072,8.9545e-04
34.2363472,9.1838e-04
34.2467384,8.0823e-04
34.2582359,8.5744e-04
34.2793350,7.2754e-04
34.3075600,8.6747e-04
34.3224182,1.0294e-03
34.3372192,1.0822e-03
34.3479767,8.2973e-04
34.3638611,9.1279e-04
34.3756676,8.3461e-04
34.3865204,8.3868e-04
34.4062920,8.3581e-04
34.4239311,7.1549e-04
34.4343681,7.5042e-04
34.4497070,1.0291e-03
34.4610939,9.9316e-04
34.4904137,9.9147e-04
34.5096664,7.2314e-04
34.5435295,7.7070e-04
34.5666122,9.5284e-04
34.5693092,7.7123e-04
34.5860596,7.8430e-04
34.5883293,8.1115e-04
34.6036568,8.1037e-04
34.6158066,8.1118e-04
34.6385803,8.2018e-04
34.6668396,6.9127e-04
34.6994362,8.3726e-04
34.7395706,1.3096e-02
34.7670593,9.6144e-04
34.7739220,1.0524e-03
34.7914543,7.6352e-04
34.7937584,8.5588e-04
34.8112183,9.6674e-04
34.8300934,8.8929e-04
34.8447762,7.4834e-04
34.8545418,7.3546e-04
34.8671150,9.7446e-04
34.8817406,6.7661e-04
34.9072609,7.8089e-04
34.9300156,8.8202e-04
34.9405327,7.4302e-04
34.9786453,8.2364e-04
34.9889259,8.9877e-04
35.0074730,8.5080e-04
35.0204620,7.6720e-04
35.0551147,9.4715e-04
35.0764580,7.8520e-04
35.1155663,9.7162e-04
35.1347275,8.1749e-04
35.1716728,9.0208e-04
35.3263855,7.5054e-04
35.3381996,7.0297e-04
35.3516998,8.1262e-04
35.3616982,7.8180e-04
35.3696480,7.0899e-04
35.3941803,7.9227e-04
35.3963814,7.9083e-04
35.3990021,7.5792e-04
35.4161224,8.4396e-04
35.4350510,7.4199e-04
35.4682617,7.4354e-04
35.4814301,1.3559e-03
35.5075722,8.0011e-04
35.5309868,1.4353e-03
35.5380859,7.3866e-04
35.5612869,9.2195e-04
35.5653687,8.5172e-04
35.5674362,1.1760e-03
35.5914688,8.9748e-04
35.6067772,7.3442e-04
35.6397247,7.8105e-04
35.6580658,1.5507e-03
35.6632538,1.3051e-03
35.6922073,7.6582e-04
35.7100983,6.8808e-04
35.7300377,7.7392e-04
35.7421722,5.1936e-03
35.7591019,8.5549e-04
35.7738419,8.1004e-04
35.7906799,1.0150e-03
35.8167839,1.0014e-03
35.8317184,8.6242e-04
35.8464088,1.0246e-03
35.8486404,7.3655e-04
35.8665314,8.3324e-04
35.9204788,8.4924e-04
35.9226379,7.9677e-04
35.9246979,9.3755e-04
35.9540634,1.1544e-03
35.9741249,9.8884e-04
36.0018196,1.1191e-03
36.0435905,1.1754e-03
36.0518875,7.5510e-04
36.0893898,7.8273e-03
36.0989876,8.7712e-04
36.1308899,7.6879e-04
36.1607895,8.7293e-04
36.1809959,7.0432e-04
36.2109489,8.4939e-04
36.2474632,7.4869e-04
36.2498283,7.8391e-04
36.2518272,7.7104e-04
36.2538795,7.2938e-04
36.2562904,7.3840e-04
36.2603188,7.6850e-04
36.2779808,7.5300e-04
36.3111420,7.9562e-04
36.3301582,9.0982e-04
36.3490410,7.2756e-04
36.3512230,7.3684e-04
36.3578606,7.5953e-04
36.3716507,7.6981e-04
36.3822403,7.6003e-04
36.3936806,7.5082e-04
36.3981438,7.7784e-04
36.4151688,8.1319e-04
36.4173584,7.6219e-04
36.4198914,7.2866e-04
36.4371643,7.8291e-04
36.4549561,7.1890e-04
36.4571724,7.6204e-04
36.4655991,1.0444e-03
36.4844971,8.4665e-04
36.5145645,9.0890e-04
36.5474281,7.8337e-04
36.5678940,8.8899e-04
36.5931931,7.6326e-04
36.6379738,2.1777e-02
36.6822395,7.2106e-04
36.6967354,8.9501e-04
36.6991196,8.4071e-04
36.7142715,7.5034e-04
36.7261009,9.4528e-04
36.7410202,8.5359e-04
36.7601624,6.9874e-04
36.7731400,1.1625e-03
36.7849007,1.0206e-03
36.8100929,7.4482e-04
36.8496056,7.1931e-04
36.8774910,9.0768e-04
36.8887100,7.7469e-04
36.8907928,7.4180e-04
36.9070511,8.0062e-04
36.9276924,9.3035e-04
36.9716225,7.6750e-04
37.0032654,8.3835e-04
37.0198708,6.8841e-04
37.0305901,7.7645e-04
37.0329399,7.8716e-04
37.0432777,1.0256e-03
37.0497971,8.0470e-04
37.0522766,9.4124e-04
37.0744553,8.3450e-04
37.0872421,6.1489e-03
37.1029472,1.1002e-03
37.1053276,7.6432e-04
37.1074562,7.6563e-04
37.1167755,8.5406e-04
37.1192513,7.0888e-04
37.1420174,8.6367e-04
37.2156296,4.2843e-03
37.2563095,7.8290e-04
37.2982483,1.1320e-03
37.3007431,9.9736e-04
37.3029289,8.6586e-04
37.3286133,7.4724e-04
37.3772659,8.6899e-04
37.3955116,1.0026e-03
37.4002800,1.0943e-03
37.4137878,1.0525e-03
37.4163055,8.1313e-04
37.4184799,9.2355e-04
37.4842415,7.5722e-04
37.5297394,8.6524e-04
37.5322227,8.7999e-04
37.5345535,7.4130e-04
37.5366669,9.5012e-04
37.5756454,7.7327e-04
37.5779190,9.0968e-04
37.5801086,7.8589e-04
37.5989952,8.5072e-04
37.6112633,6.6883e-04
37.6238785,8.2441e-04
37.6366386,9.1022e-04
37.6405945,8.9276e-04
37.6431885,1.0254e-03
37.6633644,8.5009e-04
37.6685905,9.2892e-04
37.6712914,9.1537e-04
37.6737022,6.9748e-04
37.6756248,8.0381e-04
37.6858978,9.3848e-04
37.6887665,1.1075e-03
37.7113876,8.2867e-04
37.7340393,7.5563e-04
37.7360268,7.3550e-04
37.7778740,7.1581e-04
37.7930984,1.0033e-03
37.7956047,8.6997e-04
37.8266487,8.4969e-04
37.8431511,8.2252e-04
37.8453560,8.1377e-04
37.8501282,7.8873e-04
37.8523979,8.2632e-04
37.8664780,8.9565e-04
37.8939018,7.9456e-04
37.9080009,1.5903e-03
37.9178619,8.7565e-04
37.9333458,1.0065e-03
37.9719238,1.1501e-03
37.9745598,9.4896e-04
37.9949455,7.4027e-04
38.0377159,7.7815e-04
38.0731735,6.5534e-03
38.1122780,8.6598e-04
38.1483765,8.5279e-04
38.1658897,9.2442e-04
38.1682396,8.2627e-04
38.1705666,7.3493e-04
38.1725655,7.2592e-04
38.1748772,7.7129e-04
38.1923828,7.7156e-04
38.2414665,9.1330e-04
38.2550774,7.9531e-04
38.2834473,8.2737e-04
38.2862587,8.1956e-04
38.2885437,6.6796e-04
38.3033485,8.7893e-04
38.3055611,7.9862e-04
38.3178787,7.6489e-04
38.3199005,7.9698e-04
38.3329582,1.0137e-03
38.3876572,9.5452e-04
38.4147949,7.1674e-04
38.4168587,8.7084e-04
38.4531479,7.9423e-04
38.5416298,8.0665e-04
38.5593834,1.1567e-02
38.5830193,7.2385e-04
38.5969696,7.2430e-04
38.5989265,7.0066e-04
38.6131592,8.8984e-04
38.6153984,7.9700e-04
38.6285896,8.4435e-04
38.6528091,7.9564e-04
38.6798210,8.4172e-04
38.6954193,8.5002e-04
38.7068062,7.3020e-04
38.7247925,8.6750e-04
38.7585564,7.4496e-04
38.7791367,7.7793e-04
38.7947350,9.3928e-04
38.8131485,9.8550e-04
38.8268585,1.2553e-03
38.8567886,1.2185e-03
38.9139175,7.7207e-04
38.9299507,7.8667e-04
38.9472237,8.0628e-04
38.9566917,9.3716e-04
38.9774437,7.8897e-04
39.0015678,2.0304e-03
39.0265236,7.8104e-04
39.0502701,9.0282e-04
39.0527267,7.4911e-04
39.0652657,7.3955e-04
39.0689163,9.8652e-04
39.0952225,1.1086e-03
39.1125679,8.5117e-04
39.1270180,9.2754e-04
39.1595764,8.3348e-04
39.1642647,1.8212e-03
39.1682854,8.0221e-04
39.1810722,8.0726e-04
39.3036461,7.6138e-04
39.3178368,7.5134e-04
39.3200455,9.1041e-04
39.3337250,7.2117e-04
39.3929634,8.1052e-04
39.4183197,7.9830e-04
39.4371719,8.0987e-04
39.4393311,7.4823e-04
39.4575043,1.1869e-03
39.5152817,8.0801e-04
39.5408363,1.0141e-03
39.5436287,7.7318e-04
39.5582428,7.8068e-04
39.5611687,8.8916e-04
39.5634117,7.4033e-04
39.6062660,8.2700e-04
39.6658630,1.3916e-02
39.6818390,1.0253e-03
39.7014656,7.8316e-04
39.7039909,1.1142e-03
39.7074509,1.1114e-03
39.7124290,7.7649e-04
39.7147827,7.3382e-04
39.7326012,7.2547e-04
39.7347832,7.6474e-04
39.7703590,7.9017e-04
39.7725334,1.5977e-03
39.7823524,7.5992e-04
39.7847595,8.4192e-04
39.7938576,7.9042e-04
39.8065872,1.1782e-03
39.8090668,9.4723e-04
39.8210030,6.9405e-04
39.8230972,8.3919e-04
39.8253822,7.6779e-04
39.9009972,7.7020e-04
39.9032211,7.6780e-04
39.9210014,8.1548e-04
39.9232712,8.4648e-04
39.9264832,7.7176e-04
39.9285889,8.2001e-04
39.9516296,7.8656e-04
39.9539108,7.2162e-04
39.9650421,9.0476e-04
39.9791107,2.0250e-03
40.0034752,7.6917e-04
40.0054054,7.9346e-04
40.0214653,8.3412e-04
40.0237045,1.2311e-03
40.0371742,9.2425e-04
40.0567818,8.2089e-04
40.0589867,8.3575e-04
40.0613403,8.2258e-04
40.0926819,1.2459e-03
40.0952911,8.4459e-04
40.0975151,9.0127e-04
40.1161270,8.6626e-04
40.1420555,7.2032e-04
40.1480675,7.6548e-04
40.1717110,8.7477e-04
40.1740685,8.5348e-04
40.2010956,7.7523e-04
40.2203865,7.4891e-04
40.2283363,8.3284e-04
40.2523918,7.3562e-04
40.3067665,9.0406e-04
40.3228798,8.7673e-04
40.3496552,1.3535e-03
40.3678474,6.9909e-04
40.3708153,9.4217e-04
40.3953018,7.6000e-04
40.3974571,8.3910e-04
40.3997612,8.1404e-04
40.4018784,7.8960e-04
40.4040794,8.3691e-04
40.4063797,7.4978e-04
40.4087372,9.2842e-04
40.4379845,9.5123e-04
40.4715538,8.1123e-04
40.4929962,8.4543e-04
40.5144234,8.1216e-04
40.5166702,8.8745e-04
40.5188484,8.9885e-04
40.5412674,1.9216e-02
40.5618515,8.6291e-04
40.6128731,8.3418e-04
40.6335945,5.5560e-02
40.7084732,8.3621e-04
40.7117004,8.7080e-04
40.7356186,8.4735e-04
40.7385979,9.0872e-04
40.7474785,9.8733e-04
40.7819786,8.5302e-04
40.8051491,1.5048e-03
40.8391609,1.5281e-03
40.8421440,9.2031e-04
40.8442078,7.7233e-04
40.8540421,7.4059e-04
40.8629341,8.7318e-04
40.8654976,6.2461e-03
40.8903618,9.5778e-04
40.8943634,8.4608e-04
40.9265327,7.8354e-04
40.9383659,1.3602e-03
40.9590912,9.1284e-04
40.9843102,7.0836e-04
41.0305443,8.2423e-04
41.0487251,4.8408e-03
41.0564308,9.0609e-04
41.0776558,1.0226e-03
41.0973701,1.1833e-03
41.1294899,8.4087e-04
41.1360321,8.4302e-04
41.1383972,8.9713e-04
41.1587944,7.7245e-04
41.1823425,8.8527e-04
41.1845169,7.1333e-04
41.1954155,7.1339e-04
41.1974258,8.0225e-04
41.1994286,7.5966e-04
41.2016449,8.3754e-04
41.2037811,7.3883e-04
41.2058601,1.0584e-03
41.2136116,8.8865e-04
41.2454605,9.1713e-04
41.2533417,7.5063e-04
41.3071899,8.1846e-04
41.3537979,8.5830e-04
41.3744698,8.4261e-04
41.3827286,7.6750e-04
41.3848648,7.0424e-04
41.3993492,7.4963e-04
41.4098587,7.4353e-04
41.4761810,6.9846e-04
41.5365028,7.7695e-04
41.5843506,7.2059e-04
41.5933418,1.8216e-02
41.6129799,9.2702e-04
41.6153107,8.9160e-04
41.6303558,7.0573e-04
41.6465874,1.3757e-03
41.6608124,8.7486e-04
41.6635361,8.6820e-04
41.6656570,8.3202e-04
41.6677780,8.2018e-04
41.6697617,9.6383e-04
41.6719894,1.0423e-03
41.7443619,8.0710e-03
41.7736969,7.6022e-04
41.7887154,8.8910e-04
41.7911301,1.1577e-03
41.8040657,1.3541e-03
41.8067589,8.5916e-04
41.8476562,9.8972e-04
41.8499718,7.6224e-04
41.8635483,8.6358e-04
41.8718071,8.8102e-04
41.8927765,8.4132e-04
41.9138680,1.0923e-03
41.9168854,7.6958e-04
41.9323311,8.8765e-04
41.9543190,8.5161e-04
41.9733353,9.2093e-04
41.9911728,7.8350e-04
42.0029869,9.1056e-04
42.0174370,9.6410e-04
42.0204582,8.3769e-04
42.0227852,8.0640e-04
42.0249023,8.2167e-04
42.0270195,1.5322e-03
42.0297279,9.3558e-04
42.0504074,8.5150e-04
42.0613861,8.6390e-04
42.0637665,1.0043e-03
42.0859566,1.4896e-03
42.0900726,1.2557e-02
42.1041985,1.4720e-03
42.1069984,7.5865e-04
42.1226730,9.1359e-04
42.1605072,6.8994e-04
42.1734962,6.7622e-04
42.1884346,8.4445e-04
42.1909714,7.7857e-04
42.2008247,8.2870e-04
42.2159081,8.0200e-04
42.2413559,7.5904e-04
42.2436066,7.0665e-04
42.2456894,7.1198e-04
42.2476158,9.4445e-04
42.2499504,7.0848e-04
42.2520866,8.8367e-04
42.2679787,7.6262e-04
42.2700729,7.6416e-04
42.2720490,7.2849e-04
42.2891464,8.8697e-04
42.2987251,7.7418e-04
42.3323097,1.1064e-03
42.3510895,8.6526e-04
42.3954086,7.5716e-04
42.3976097,7.5743e-04
42.3997879,9.0715e-04
42.4020195,7.4158e-04
42.4548416,8.8922e-04
42.4710083,1.0078e-03
42.4937859,8.0617e-04
42.4958534,9.6068e-04
42.5157166,2.2925e-02
42.5403328,1.6165e-03
42.5546112,9.9425e-04
42.5648079,6.8492e-04
42.5790863,7.1026e-04
42.5812912,8.6938e-04
42.5858765,8.3475e-04
42.5880890,7.5783e-04
42.6103325,9.0881e-04
42.6239738,1.0258e-03
42.6469650,7.5747e-04
42.6600418,8.1641e-04
42.6701469,8.5088e-04
42.6780853,6.8471e-04
42.6829109,7.2089e-04
42.6897736,1.0675e-03
42.6997490,7.9877e-04
42.7973862,7.3429e-04
42.8098755,9.3987e-04
42.8319244,9.8687e-04
42.8346329,1.0876e-03
42.8369637,8.8352e-04
42.8536453,8.0866e-04
42.8557396,9.8627e-04
42.8672714,7.5422e-04
42.8692017,7.2422e-04
42.8710098,7.5307e-04
42.8741455,9.0172e-04
42.8995972,9.0018e-04
42.9324684,8.4953e-04
42.9607162,7.5152e-04
42.9655266,9.5963e-04
42.9683571,7.4824e-04
43.0324402,9.7331e-04
43.0762253,8.3638e-04
43.0868645,7.7357e-04
43.1042633,7.7723e-04
43.1068535,4.9950e-03
43.1199570,6.7095e-04
43.1413612,7.9548e-04
43.1770935,7.3741e-04
43.1908760,7.9954e-04
43.2027512,8.6015e-04
43.2050934,1.0638e-03
43.2152252,8.0675e-04
43.2453766,7.9414e-04
43.2685356,7.8715e-04
43.2821884,9.3145e-04
43.3031197,8.6147e-04
43.3337097,7.5328e-04
43.4131126,8.8239e-04
43.4840164,9.0047e-04
43.5344925,1.0767e-03
43.5896149,1.2548e-03
43.6085052,7.4634e-04
43.6218987,8.2377e-04
43.6333580,7.1150e-04
43.6624908,8.2662e-04
43.6739578,8.5517e-04
43.6797066,7.6932e-04
43.7087288,7.2573e-04
43.7291489,8.7242e-04
43.7314301,8.1922e-04
43.7515144,9.0915e-04
43.7807274,8.6227e-04
43.8026237,1.7625e-02
43.9024353,8.8263e-04
43.9103127,8.0163e-04
43.9255676,7.5911e-04
43.9278336,9.1900e-04
43.9402504,7.6775e-04
43.9423523,1.0208e-03
43.9451218,8.3823e-04
43.9612885,1.0668e-03
43.9800224,8.7570e-04
44.0335541,1.0306e-03
44.0363426,8.4598e-04
44.0617981,8.0406e-04
44.0760422,8.1801e-04
44.0922813,9.5196e-04
44.1518936,8.2749e-04
44.2117615,9.5058e-04
44.2141151,9.1375e-04
44.2245293,7.4654e-04
44.2418327,8.2320e-04
44.2547913,7.6002e-04
44.2569580,9.1174e-04
44.2864265,8.8377e-04
44.2889862,8.5958e-04
44.2911797,8.8494e-04
44.3087578,8.0198e-04
44.3106880,7.6717e-04
44.3870735,8.9263e-04
44.3894806,7.6351e-04
44.4048195,8.1244e-04
44.4250832,6.9755e-04
44.4316788,9.0061e-04
44.4385338,8.5994e-04
44.4406052,8.8842e-04
44.4836655,8.8313e-04
44.5215912,8.3743e-04
44.5283661,8.1757e-04
44.5305061,8.4181e-04
44.5326157,8.5841e-04
44.5346794,7.7883e-04
44.5532455,7.8330e-04
44.5686340,7.1854e-04
44.5950890,7.6515e-04
44.6273460,7.7416e-04
44.6798325,8.0090e-04
44.6961899,8.2081e-04
44.7176018,7.2205e-04
44.7522774,7.3423e-03
44.7775497,9.0752e-04
44.8222809,8.8750e-04
44.8336487,7.9052e-04
44.8598633,8.1069e-04
44.8870125,7.2610e-04
44.9112587,7.1275e-04
44.9133072,9.3196e-04
44.9286423,1.3697e-02
44.9573517,8.0351e-04
44.9595604,1.1103e-03
44.9708710,7.5656e-04
44.9728546,1.2113e-03
44.9753418,9.6758e-04
44.9914627,1.0337e-03
44.9961777,8.0943e-04
44.9981689,6.9918e-04
45.0245514,7.6205e-04
45.0265579,1.0004e-02
45.0552559,9.3572e-04
45.0857430,7.5108e-04
45.0877533,8.2219e-04
45.1379204,8.5241e-04
45.1504631,1.9408e-03
45.1537247,8.4979e-04
45.1764832,9.2137e-04
45.2078514,1.3241e-03
45.2105751,7.1638e-04
45.2357445,1.1939e-03
45.2614555,7.1723e-04
45.3183441,8.7147e-03
45.3406601,7.6947e-04
45.3426437,7.7089e-04
45.3928757,8.4353e-04
45.4231567,9.1078e-04
45.4591980,9.0819e-04
45.4615860,1.6675e-03
45.4787025,1.1831e-03
45.4819717,8.6433e-04
45.5028992,8.5749e-04
45.5109138,7.3500e-04
45.5385284,7.7745e-04
45.5721245,8.0497e-04
45.5799484,1.1822e-03
45.5827904,9.0948e-04
45.5923920,9.0441e-04
45.6328545,8.4046e-04
45.6836662,7.9404e-04
45.6968536,1.3109e-02
45.7121353,8.6056e-04
45.7148209,8.3467e-04
45.7170067,1.2535e-03
45.7759628,1.2074e-03
45.7786751,7.9663e-04
45.7884674,1.4014e-03
45.7914162,8.4249e-04
45.8191376,8.3752e-04
45.8426132,1.1037e-03
45.8696289,9.5267e-04
45.8843536,2.9171e-03
45.9250908,1.0208e-03
45.9385490,8.2712e-04
45.9726257,8.5170e-04
45.9748650,7.9036e-04
45.9770813,7.8189e-04
45.9790993,8.4950e-04
46.0004921,9.9273e-04
46.0595169,8.6123e-04
46.0620537,7.3497e-04
46.0834084,7.0730e-04
46.1281662,7.6207e-04
46.1380386,8.6606e-04
46.1802788,9.4236e-04
46.1829414,8.1392e-04
46.1853867,8.9416e-04
46.1880341,8.0069e-04
46.1905479,9.3077e-04
46.1931114,8.3724e-04
46.2042885,9.3327e-04
46.2068748,7.8240e-04
46.2090988,7.4868e-04
46.2113991,9.7296e-04
46.2139091,8.5091e-04
46.2571793,1.0450e-03
46.2602768,8.6824e-04
46.2625694,9.4942e-04
46.2649155,8.7373e-04
46.3013115,7.9959e-04
46.3664207,9.2971e-04
46.3894844,8.2456e-04
46.4541512,1.3244e-02
46.4829712,9.5977e-04
46.5011826,7.6746e-04
46.5033188,9.1965e-04
46.5517120,1.0019e-03
46.5540886,7.6661e-04
46.5695343,8.0452e-04
46.5812683,8.2383e-04
46.5834351,8.9407e-04
46.5971832,7.8466e-04
46.5996323,7.8290e-04
46.6018181,8.8294e-04
46.6158943,8.2596e-04
46.6331406,8.1172e-04
46.6570854,7.9154e-04
46.6695518,1.2783e-03
46.6976395,1.0867e-03
46.7049294,8.0733e-04
46.7070847,9.1549e-04
46.7420883,9.1504e-04
46.7821274,9.5536e-04
46.7962151,7.7892e-04
46.8295288,7.9200e-04
46.8462334,8.6676e-04
46.8485794,8.3386e-04
46.8507996,7.9512e-04
46.8529854,8.8105e-04
46.8554459,9.4180e-04
46.8577843,8.2196e-04
46.8663177,7.9328e-04
46.8703270,8.0935e-04
46.9059181,9.2977e-04
46.9414291,1.3867e-03
46.9677773,8.0998e-04
46.9698601,7.6848e-04
47.0042191,7.8640e-04
47.0064545,1.1054e-03
47.0088425,7.7611e-04
47.0357819,8.1240e-04
47.0551338,8.9651e-04
47.0627785,8.1470e-04
47.0877419,7.8596e-04
47.0962143,8.6560e-04
47.0983658,7.7618e-04
47.1104927,8.8861e-04
47.1127930,2.4787e-03
47.1320724,7.6727e-04
47.1343765,9.7225e-04
47.1369667,8.8062e-04
47.1396523,7.8608e-04
47.1425591,8.7425e-04
47.1564789,8.2858e-04
47.2313995,8.4677e-04
47.2938919,8.1544e-04
47.3103943,8.6746e-04
47.3151703,7.1831e-04
47.3171577,8.2557e-04
47.3368263,9.1318e-04
47.3657875,7.8365e-04
47.3826103,1.0862e-03
47.4182320,9.2084e-04
47.4345894,8.9375e-04
47.4436188,8.9820e-04
47.4577332,8.6210e-04
47.4599838,8.1897e-04
47.4620628,8.4984e-04
47.4941902,7.3649e-04
47.4965630,7.6954e-04
47.5203400,7.5009e-04
47.5454025,7.7150e-04
47.5476685,7.6311e-04
47.5499611,7.1872e-04
47.5682602,9.7063e-04
47.5706978,8.8661e-04
47.5884285,7.2957e-04
47.5906754,8.4062e-04
47.5927811,6.9798e-04
47.5947456,7.0396e-04
47.5995750,7.7343e-04
47.6020584,8.1192e-04
47.6140327,7.4100e-04
47.6306534,7.2572e-04
47.6932335,7.7218e-04
47.7386971,8.0417e-04
47.7410622,7.5161e-04
47.7567558,8.4106e-04
47.7705994,8.0051e-04
47.7898445,7.3233e-04
47.7919464,7.2302e-04
47.8074341,7.0235e-04
47.8227043,9.5316e-04
47.8250198,8.1713e-04
47.8271484,8.6032e-04
47.8292236,1.2521e-02
47.8436317,7.7787e-04
47.8670692,8.0998e-04
47.8875580,7.2954e-04
47.8895988,6.7949e-04
47.8997307,7.9556e-04
47.9197693,1.1154e-03
47.9339180,8.4652e-04
47.9363480,1.3316e-03
47.9563980,7.3770e-04
48.0203133,6.7770e-04
48.1115074,7.0674e-04
48.1272583,7.8171e-04
48.1292305,8.8611e-04
48.1317139,8.1819e-04
48.1338081,6.4503e-04
48.1359291,8.0475e-04
48.1385841,7.7616e-04
48.1406174,7.0675e-04
48.1429024,7.3052e-04
48.1450348,8.4348e-04
48.2135620,8.2479e-04
48.2156715,1.0494e-03
48.2183189,8.1465e-04
48.2208023,8.4112e-04
48.2229156,1.0042e-03
48.2251244,8.1182e-04
48.2415047,8.5023e-04
48.2438736,9.3789e-04
48.2764130,1.1829e-03
48.3710098,1.0081e-03
48.3924789,7.9599e-04
48.3947487,9.2494e-04
48.4953728,9.2753e-04
48.4982834,8.9275e-04
48.5200233,8.4668e-04
48.5225868,8.0069e-04
48.5398293,8.4147e-03
48.5679474,8.6155e-04
48.5702667,7.5445e-04
48.5723839,9.0098e-04
48.5910034,7.9294e-04
48.6288795,8.2247e-04
48.6584053,9.1343e-04
48.6699677,7.3162e-04
48.6824989,9.5534e-04
48.7148018,8.3410e-04
48.7389145,1.0866e-03
48.7617531,1.1690e-03
48.7952385,8.0106e-04
48.7974777,7.6971e-04
48.8440018,7.6372e-04
48.8466148,1.3023e-03
48.8904572,8.1374e-04
48.9096069,8.4621e-04
48.9156799,9.9378e-04
48.9180222,7.2373e-04
48.9276695,8.2338e-04
48.9671402,8.7440e-04
48.9820518,8.4676e-04
48.9840851,9.9597e-04
48.9863663,8.4974e-04
48.9885139,7.9673e-04
48.9921188,9.5228e-04
49.0371628,9.5667e-04
49.0574951,9.8222e-04
49.0600624,9.8047e-04
49.0854683,8.0155e-04
49.1024590,7.7698e-04
49.1045609,8.8108e-04
49.1463165,7.7437e-04
49.1652946,8.4709e-04
49.1674385,7.7094e-04
49.1695328,7.0236e-04
49.1785202,6.9795e-04
49.2144279,7.4584e-04
49.2178001,1.2441e-03
49.2204628,1.1359e-03
49.2471313,7.8935e-04
49.2636337,1.0713e-03
49.2809563,1.2196e-02
49.2947655,1.1140e-03
49.3017769,8.6954e-04
49.3155746,7.9789e-04
49.3325615,8.2311e-04
49.3592415,8.3001e-04
49.3787613,7.9140e-04
49.3807793,8.4841e-04
49.4207191,8.0133e-04
49.4365959,1.0368e-03
49.4571800,9.6042e-04
49.4698105,8.8412e-04
49.4953308,7.5530e-04
49.4973717,8.9019e-04
49.4996796,1.1013e-03
49.5321541,9.3403e-04
49.5621033,8.4605e-04
49.5642357,7.7349e-04
49.5847740,9.6296e-04
49.6037636,8.1043e-04
49.6153679,1.1841e-03
49.6372948,9.3994e-04
49.6452103,7.7675e-04
49.6475220,6.6892e-04
49.6772118,9.1401e-04
49.6919975,8.2346e-04
49.7071838,8.9171e-04
49.7092018,2.3198e-02
49.7340088,1.1765e-03
49.7367172,7.9799e-04
49.7387848,7.2077e-03
49.7980995,7.8478e-04
49.8122673,9.9247e-04
49.8405838,9.6073e-04
49.8524895,9.4102e-04
49.8656425,1.3270e-03
49.8767776,8.8166e-04
49.8788719,8.6531e-04
49.8813400,7.8323e-04
49.8956642,1.0148e-03
49.9419556,8.8002e-04
49.9449844,1.1015e-03
49.9584541,6.7357e-04
49.9608154,8.7474e-04
49.9630585,8.6856e-04
49.9654083,8.4454e-04
49.9853821,8.3468e-04
49.9997978,7.9206e-04
50.0108337,8.4238e-04
50.0257301,1.0765e-03
50.0522919,1.0292e-03
50.0681534,8.8492e-04
50.1219025,1.0705e-03
50.1249847,7.9100e-04
50.1271248,7.8418e-04
50.1292076,8.3555e-04
50.1377945,1.2338e-03
50.1413727,1.2048e-03
50.1443024,9.4129e-04
50.1467323,1.1028e-03
50.1547966,8.4318e-04
50.1796532,7.0760e-04
50.1817398,7.6038e-04
50.1869392,7.3429e-04
50.1890030,8.0855e-04
50.1913414,7.3409e-04
50.1954269,7.6263e-04
50.2169876,8.7920e-04
50.2197189,7.9910e-04
50.2219429,7.9897e-04
50.2241783,8.3560e-04
50.2353172,7.5913e-04
50.2530975,7.7740e-04
50.2560158,7.5508e-04
50.3111420,8.0760e-04
50.3623543,8.6490e-04
50.3807907,9.9391e-04
50.3932037,8.5572e-04
50.3952522,7.4701e-04
50.3972778,7.5008e-04
50.4093399,8.2854e-04
50.4227257,7.8627e-04
50.4344559,7.9433e-04
50.4366646,8.4983e-04
50.4388046,7.8826e-04
50.4409447,7.1937e-04
50.4544601,7.5265e-04
50.4634666,7.5617e-04
50.4655876,8.0016e-04
50.4834595,9.3656e-04
50.4856491,7.4023e-04
50.5039368,9.4832e-04
50.5150833,7.6209e-04
50.5316048,9.4419e-04
50.5338936,8.4386e-04
50.5362511,8.3138e-04
50.5387383,7.6299e-04
50.5448837,7.0580e-04
50.5471344,7.3343e-04
50.5562897,7.2464e-04
50.5721512,8.8715e-04
50.5831947,9.0266e-04
50.5952415,8.6088e-04
50.6094360,9.8554e-04
50.6340637,8.2193e-04
50.6823006,8.0403e-04
50.7062607,7.2923e-04
50.7192917,7.5285e-04
50.7346878,8.9237e-04
50.7525215,7.0853e-04
50.7545815,8.0077e-04
50.7568855,8.7341e-04
50.7961655,8.2368e-04
50.8160133,8.4073e-04
50.8288460,9.1998e-04
50.8419952,8.6511e-04
50.8586922,9.6946e-04
50.8610306,8.9536e-04
50.8633728,1.0944e-03
50.8671761,1.0759e-03
50.8767242,7.6832e-04
50.8927727,7.9702e-04
50.8948174,7.7368e-04
50.8967552,7.9685e-04
50.9260750,9.0322e-04
50.9447746,8.9769e-04
51.0054359,1.1562e-02
51.0184097,1.0786e-03
51.0377731,2.0324e-03
51.0623512,9.4675e-04
51.0648613,7.7746e-04
51.0811081,6.8653e-04
51.1067963,1.6658e-03
51.1252861,1.1298e-03
51.1293259,7.2092e-04
51.1350822,7.6629e-04
51.1373177,8.2533e-04
51.1572571,7.7943e-04
51.1725960,7.3595e-04
51.1995506,8.1256e-04
51.2017250,7.8531e-04
51.2180710,7.0518e-04
51.2445335,1.1578e-03
51.2736092,8.7322e-04
51.2761993,1.0207e-03
51.2919159,8.2406e-04
51.2996330,1.0407e-03
51.3225060,7.7160e-04
51.3544121,8.3790e-04
51.3746071,8.3010e-04
51.3889999,8.1506e-04
51.3988647,8.9101e-04
51.4011688,7.8351e-04
51.4037018,9.7299e-04
51.4601936,9.0512e-04
51.5078011,9.7871e-04
51.5312462,6.9535e-04
51.5551414,1.0936e-03
51.5942154,8.4505e-04
51.6042709,8.1746e-04
51.6063919,7.1133e-04
51.6264610,7.2093e-04
51.6466255,1.0279e-03
51.6551857,8.7385e-04
51.6572647,7.7755e-04
51.7001839,9.0220e-04
51.7026749,7.8036e-04
51.7048454,1.0360e-03
51.7189407,7.8690e-04
51.7257652,8.4246e-04
51.7283173,7.8000e-04
51.7308731,9.1433e-04
51.7564735,7.4574e-04
51.7793198,9.9321e-04
51.7815704,1.4697e-02
51.8125877,5.9116e-03
51.8405380,9.6091e-04
51.8514671,8.1904e-04
51.8794632,1.0366e-03
51.9187698,1.0393e-03
51.9282570,1.2761e-02
51.9538803,9.0815e-04
52.0089073,9.2017e-04
52.0199280,8.0725e-04
52.0349121,8.0540e-04
52.0487785,7.0630e-04
52.0507126,8.8423e-04
52.0650635,8.4670e-04
52.0786476,9.1698e-04
52.1047668,7.0367e-04
52.1216660,9.0332e-04
52.1398392,8.6097e-04
52.1726456,9.8961e-04
52.1873589,7.5601e-04
52.1987839,8.0251e-04
52.2115288,7.9625e-04
52.2230225,7.4207e-04
52.2400284,8.2699e-04
52.2472534,7.7637e-04
52.2561493,7.4159e-04
52.2660561,8.1271e-04
52.2808151,8.8716e-04
52.2899971,7.7709e-04
52.3057594,9.1990e-04
52.3173866,7.0338e-04
52.3323631,6.7354e-04
52.3343468,6.7053e-04
52.3497887,7.8493e-04
52.3640518,9.5540e-04
52.3665771,8.0547e-04
52.3850403,7.0518e-04
52.4081497,9.0936e-04
52.4249916,8.6599e-04
52.4372139,7.8660e-04
52.4561577,7.7454e-03
52.4809074,1.5181e-02
52.5087776,8.2038e-04
52.5508537,7.1570e-04
52.6543617,6.0980e-03
52.6689034,8.7739e-04
52.6711540,9.5365e-04
52.6735077,8.8963e-04
52.7214813,8.7340e-04
52.7514343,7.7133e-04
52.7536774,8.7308e-04
52.8068123,9.9130e-04
52.8094902,9.3128e-04
52.8231506,8.3029e-04
52.8254356,1.0419e-03
52.8472672,7.8942e-04
52.8680840,8.5215e-04
52.8866806,8.7923e-04
52.8999443,8.1861e-04
52.9024734,8.3495e-04
52.9229736,7.9866e-04
52.9384193,7.0708e-04
52.9578896,7.5378e-04
52.9718361,7.7066e-04
52.9825478,1.2213e-03
52.9854698,8.3415e-04
52.9909096,8.0267e-04
53.0135193,8.3649e-04
53.0439339,9.0579e-04
53.0556564,1.0253e-03
53.0581589,7.2713e-04
53.0802574,7.8695e-04
53.0824814,8.7727e-04
53.0847588,7.1036e-04
53.0866585,7.1533e-04
53.0887909,1.2562e-03
53.1472549,1.1354e-03
53.1644592,4.6075e-03
53.1718025,1.0398e-03
53.2704697,8.9602e-04
53.2986603,1.0779e-03
53.3026619,7.3731e-04
53.3353958,8.4448e-04
53.3706665,7.8974e-04
53.4194946,8.8972e-04
53.4328384,7.3413e-04
53.4497223,3.1952e-03
53.4798431,9.3805e-04
53.4821930,8.8268e-04
53.4846344,1.1499e-03
53.4871063,9.0779e-04
53.5213699,7.6363e-04
53.5234451,6.9174e-04
53.5253067,8.7132e-04
53.5274925,8.1111e-04
53.5297165,8.1254e-04
53.5578041,1.0188e-03
53.5679092,7.4627e-04
53.5799408,1.1251e-03
53.5986710,9.2997e-04
53.6013641,8.4526e-04
53.6292801,7.8019e-04
53.6617241,8.3744e-04
53.6639519,8.1808e-04
53.6661072,7.5599e-04
53.6682625,6.7324e-04
53.6703033,1.0023e-03
53.6724854,7.0437e-04
53.6881676,7.8759e-04
53.7057037,8.7786e-04
53.7190094,7.6995e-04
53.7286644,7.5291e-04
53.7307892,7.6689e-04
53.7328415,7.8857e-04
53.7348671,7.8040e-04
53.7840118,8.6864e-04
53.8563347,9.3779e-04
53.8777618,7.6233e-04
53.9423294,7.3731e-04
53.9612503,8.1047e-04
53.9716797,9.9314e-03
53.9996490,8.4661e-04
54.0020294,8.9368e-04
54.0042458,7.6931e-04
54.0062828,6.9229e-04
54.0087433,7.3804e-04
54.0106659,8.1351e-04
54.0591125,8.7423e-04
54.0617256,6.7738e-04
54.0635757,1.3383e-03
54.0811157,9.1668e-04
54.0937004,8.8594e-04
54.0960159,8.5669e-04
54.0985680,6.9459e-04
54.1007690,8.6657e-04
54.1030617,9.3816e-04
54.1054153,7.4587e-04
54.1076508,7.1562e-04
54.1172905,6.7998e-04
54.1192207,7.9753e-04
54.1345901,9.0634e-04
54.1368294,8.1861e-04
54.1390648,8.1649e-04
54.1411972,8.9616e-04
54.1434593,8.3686e-04
54.1457520,7.9869e-04
54.1478386,7.1140e-04
54.1799736,1.1002e-03
54.1885262,8.2860e-04
54.2039146,7.2599e-04
54.2060204,7.8627e-04
54.2081833,1.2996e-03
54.2208176,1.8934e-03
54.2241821,1.1626e-03
54.2432289,7.9322e-04
54.2589684,8.2532e-04
54.2720909,1.2838e-03
54.3281517,8.0330e-04
54.3558197,8.5617e-04
54.3800774,7.1204e-04
54.4142113,7.2658e-04
54.4464378,7.3811e-04
54.4483795,1.0508e-03
54.4520874,7.5661e-04
54.4558220,8.7197e-04
54.4580307,7.7195e-04
54.4601059,9.0674e-04
54.4624786,7.8976e-04
54.4902115,8.4538e-04
54.5197296,8.6412e-04
54.5226212,1.3511e-03
54.5258484,7.8768e-04
54.5480690,6.7643e-04
54.5833664,8.8153e-04
54.5999184,7.7064e-04
54.6161118,7.5187e-04
54.6395264,1.6660e-03
54.6525307,9.5505e-04
54.6671371,1.0165e-03
54.6750183,1.1033e-03
54.6775246,9.8372e-04
54.7096100,1.0026e-03
54.7243843,1.0644e-03
54.7488708,1.2593e-03
54.7812538,9.5945e-04
54.7834435,9.9275e-04
54.7857552,7.1099e-04
54.8405266,9.2688e-04
54.8549500,7.2826e-04
54.9379272,8.0976e-04
54.9611244,1.1245e-03
54.9668846,9.4429e-04
54.9693604,8.7862e-04
54.9715919,7.7340e-04
54.9824181,8.8179e-04
54.9848862,7.7304e-04
54.9978294,8.0115e-04
54.9999046,1.5496e-02
55.0176201,1.1549e-03
55.0205650,8.6235e-04
55.0321846,1.0774e-03
55.0660858,8.6843e-04
55.1029816,8.5779e-04
55.1682968,8.5335e-04
55.1785316,7.4705e-04
55.1994057,8.9068e-04
55.2733879,7.5548e-04
55.2756310,7.7911e-04
55.2778893,6.6930e-04
55.2837257,4.9734e-03
55.3070030,8.0626e-04
55.3871536,8.4949e-04
55.4094391,9.3120e-04
55.4516068,7.2875e-04
55.4738197,1.3442e-03
55.4837875,7.9011e-04
55.4977074,9.2235e-04
55.5002365,9.3709e-04
55.5286751,6.8377e-04
55.5622978,7.7754e-04
55.5647049,1.4038e-03
55.5861664,1.1301e-03
55.6090431,7.3275e-04
55.6317711,1.2305e-03
55.6480484,8.6213e-04
55.6606674,9.3878e-04
55.6630516,7.8908e-04
55.7354851,1.1431e-03
55.7553711,7.6695e-04
55.7713547,9.1834e-04
55.7739525,8.1242e-04
55.7760353,3.8050e-03
55.7811356,2.7551e-03
55.7851524,7.1532e-04
55.7870789,7.6744e-04
55.8073082,1.0693e-03
55.8382225,1.1929e-03
55.8409653,8.6512e-04
55.8436050,7.1009e-04
55.8493614,4.2112e-03
55.8548698,7.9280e-04
55.8572235,9.4311e-04
55.8595505,7.0724e-04
55.8720398,7.9041e-04
55.8740158,9.1360e-04
55.8762970,6.7953e-04
55.8782692,6.9959e-04
55.8801765,7.9492e-04
55.8822098,9.8741e-04
55.8887444,8.3331e-04
55.8927193,6.8897e-04
55.9001389,6.9021e-04
55.9160576,8.3376e-04
55.9330444,2.6977e-03
55.9886665,7.9259e-04
56.0143318,8.0987e-04
56.0259895,6.9021e-04
56.0279770,8.3054e-04
56.0304680,7.9574e-04
56.0324440,7.8033e-04
56.0665283,7.4535e-04
56.1003494,8.9747e-04
56.1026039,7.8712e-04
56.1048012,6.9855e-04
56.1066551,7.8972e-04
56.1209183,9.4020e-04
56.1234741,9.1697e-04
56.1399422,8.2079e-04
56.1420631,9.2302e-04
56.1442451,8.0008e-04
56.1668396,7.5670e-04
56.1688766,8.5502e-04
56.1861229,7.3313e-04
56.1883469,8.9915e-04
56.1910629,8.3018e-04
56.2061386,8.2316e-04
56.2084808,1.0277e-03
56.2108345,9.8791e-04
56.2416420,8.1408e-04
56.2544250,8.9788e-04
56.2708588,1.0361e-03
56.2849350,7.4668e-04
56.3109093,8.1757e-04
56.3496552,1.1324e-03
56.3625183,7.2015e-04
56.3744850,9.4558e-04
56.3879509,8.4325e-04
56.4018974,8.9493e-04
56.4332428,8.8218e-04
56.4453278,9.1845e-04
56.4678497,9.0495e-04
56.4799576,8.5956e-04
56.4820786,8.5702e-04
56.5007668,8.4675e-04
56.5168571,8.7656e-04
56.5255013,8.0090e-04
56.5596199,7.6609e-04
56.5639458,7.6015e-04
56.5720482,7.4375e-04
56.5844040,8.7950e-04
56.5968552,7.6998e-04
56.6069336,7.3475e-04
56.6189346,7.6308e-04
56.6364822,8.2927e-04
56.6526756,9.2662e-04
56.6757469,9.1451e-04
56.6885757,7.8514e-04
56.7016487,7.5609e-04
56.7294426,1.0069e-03
56.7726326,7.6010e-04
56.7825508,7.6867e-04
56.7845612,6.9443e-04
56.7980080,8.3522e-04
56.8254700,1.0412e-03
56.8897743,1.0565e-03
56.9360504,1.1763e-03
56.9532623,9.3180e-04
56.9555473,8.1243e-04
56.9578056,7.1984e-04
56.9598770,8.4880e-04
57.0160294,9.5309e-04
57.0183144,7.0596e-04
57.0204315,7.7032e-04
57.0224457,7.4560e-04
57.0248642,8.8570e-04
57.0290375,7.6948e-04
57.0310783,6.7181e-04
57.0561371,9.3629e-04
57.0585594,8.1705e-04
57.0608177,8.0263e-04
57.0730972,7.6701e-04
57.0753555,7.9315e-04
57.0774651,8.4359e-04
57.1448326,8.9843e-04
57.1613388,9.5222e-04
57.1795311,9.7995e-04
57.2444534,1.0127e-03
57.2466774,8.3589e-04
57.2595825,7.1446e-04
57.2616119,7.2602e-04
57.2792168,8.1352e-04
57.2812347,9.6734e-04
57.3016853,7.0803e-04
57.3193779,8.2409e-04
57.3213921,8.3702e-04
57.3350372,8.8329e-04
57.3373642,8.1902e-04
57.3397064,8.4362e-04
57.3633652,7.5345e-04
57.3708649,7.5540e-04
57.4150810,9.0886e-04
57.4187927,7.5474e-04
57.4386787,7.9339e-04
57.4477768,7.5609e-04
57.4609070,6.9721e-04
57.5053711,8.0650e-04
57.5073738,7.6527e-04
57.5095482,7.8148e-04
57.5553131,8.1012e-04
57.5845909,9.1282e-04
57.5866470,7.6214e-04
57.6001244,8.2418e-04
57.6178360,8.5029e-04
57.6377792,9.2267e-04
57.6543236,1.2440e-03
57.6802635,8.2402e-04
57.6979828,7.5465e-04
57.7010689,7.4106e-04
57.7031708,2.3167e-03
57.7068329,9.4517e-04
57.7090416,8.1324e-04
57.7114143,9.9006e-04
57.7693520,8.3037e-04
57.7883492,1.0172e-03
57.8001556,8.9439e-04
57.8135185,8.0848e-04
57.8286285,6.9622e-04
57.8484268,9.7753e-04
57.8589821,9.1664e-04
57.8679352,9.3185e-04
57.8823128,8.2891e-04
57.8971748,7.5434e-04
57.9123535,9.8594e-04
57.9148369,7.5622e-04
57.9171982,7.9979e-04
57.9377365,7.2115e-04
57.9413910,9.2502e-04
57.9569054,7.2306e-04
57.9714355,9.1543e-04
57.9736938,8.2085e-04
57.9808655,7.4778e-04
57.9874001,9.1367e-04
57.9896584,9.4929e-04
57.9919472,9.1576e-04
57.9972076,7.0067e-04
58.0098915,7.7381e-04
58.0121613,7.9491e-04
58.0141563,7.2564e-04
58.0162773,9.0002e-04
58.0494995,7.4416e-04
58.0610085,7.2047e-04
58.0639534,7.9959e-04
58.0773048,8.7023e-04
58.0797386,7.7912e-04
58.1014061,8.8481e-04
58.1036797,7.6797e-04
58.1057396,8.1267e-04
58.1125183,8.2529e-04
58.1282310,8.1548e-04
58.1450882,7.8338e-04
58.1473465,7.3075e-04
58.1626396,7.5502e-04
58.1646996,7.5396e-04
58.1666451,6.9460e-04
58.2823906,9.9358e-04
58.2849121,7.0528e-04
58.2869263,7.3337e-04
58.3083115,7.2531e-04
58.3314209,8.8424e-04
58.3337593,7.1805e-04
58.3466454,8.7756e-04
58.3574257,8.6015e-04
58.3778381,7.2940e-04
58.4091072,9.0189e-04
58.4114037,8.0133e-04
58.4324112,7.7048e-04
58.4365540,7.8354e-04
58.4542885,7.2950e-04
58.4565201,9.5429e-04
58.5007668,7.5542e-04
58.5029869,8.0830e-04
58.5051537,8.7095e-04
58.5191116,1.3039e-03
58.5219650,8.4745e-04
58.5246353,9.2189e-04
58.5296402,8.9689e-04
58.5421638,1.3670e-03
58.5642548,1.4704e-03
58.5840454,9.8512e-04
58.6504097,1.3797e-03
58.6698952,7.9945e-04
58.6842079,7.3041e-04
58.6862068,1.1404e-03
58.6890678,8.4492e-04
58.7001152,8.3665e-04
58.7026825,8.0958e-04
58.8117256,8.0626e-04
58.8575516,8.1526e-04
58.8633766,4.7573e-03
58.9061165,7.4345e-04
58.9090614,8.1905e-04
58.9214745,7.5934e-04
58.9441528,8.6021e-04
58.9579582,8.4018e-04
58.9841881,8.0237e-04
58.9984016,7.7227e-04
59.0497856,8.3208e-04
59.0857124,7.5601e-04
59.1011047,8.3140e-04
59.1123695,9.6185e-04
59.1483803,7.9228e-04
59.2049751,8.4082e-04
59.2251053,8.2929e-04
59.2278862,7.9401e-04
59.2457809,9.0423e-04
59.2610054,7.7659e-04
59.3557816,8.9411e-04
59.3580589,8.8617e-04
59.3605881,8.8848e-04
59.4422569,7.6909e-04
59.4557266,6.8186e-04
59.4714241,8.8759e-04
59.4851646,8.7924e-04
59.4877090,7.9930e-04
59.4983635,9.8282e-04
59.5007820,8.4839e-04
59.5165710,6.6332e-04
59.5185242,8.9320e-04
59.5208740,8.0614e-04
59.5233040,8.1205e-04
59.5358047,9.5284e-04
59.5464439,8.5988e-04
59.5487289,8.2246e-04
59.5575485,8.4329e-04
59.5708237,1.0639e-03
59.6172218,1.0372e-03
59.6197968,1.0503e-03
59.6373978,6.7776e-04
59.6393814,8.2714e-04
59.6581421,7.8169e-04
59.6822395,8.6452e-04
59.7087555,7.4320e-04
59.7578087,7.7628e-04
59.7848091,1.1765e-03
59.7873497,7.7135e-04
59.7960091,7.5210e-04
59.8128357,9.5027e-04
59.8235092,1.0654e-03
59.8431396,7.1339e-04
59.8454170,8.0852e-04
59.8475113,8.5936e-04
59.8507042,9.6927e-04
59.8750000,9.2033e-04
59.8810463,9.1467e-04
59.8832970,7.3669e-04
59.8854103,7.7133e-04
59.8874855,7.5543e-04
59.9001503,7.7635e-04
59.9021606,7.7148e-04
59.9041786,9.4957e-04
59.9064865,7.6579e-04
59.9447708,1.1309e-03
59.9487228,8.6060e-04
59.9511452,9.9908e-04
59.9536438,8.3950e-04
59.9729805,1.0131e-03
59.9938087,8.8975e-04
59.9960403,8.0373e-04
59.9980621,9.3381e-04
60.0003052,7.2212e-04
60.0026093,6.8661e-04
60.0432587,9.3435e-04
60.0459137,7.9678e-04
60.0782318,8.0912e-04
60.0863342,1.1241e-03
60.1132774,7.9133e-04
60.1154594,8.1871e-04
60.1261902,8.2527e-04
60.1283340,8.1174e-04
60.1429176,8.4094e-04
60.1623421,8.0339e-04
60.1777687,8.8497e-04
60.1865501,8.0101e-04
60.2158585,9.3923e-04
60.2179680,9.3443e-04
60.2267456,7.8091e-04
60.2490425,8.2564e-04
60.2578773,8.3997e-04
60.2747116,8.2663e-04
60.2768860,7.1869e-04
60.2787437,7.7477e-04
60.2923660,7.4424e-04
60.3354874,9.0976e-04
60.3462257,7.5656e-04
60.3487091,8.2457e-04
60.3797035,6.9996e-04
60.3983879,8.2833e-04
60.4431801,9.4321e-04
60.5136108,8.6665e-04
60.5375710,9.6753e-04
60.5536613,7.9977e-04
60.5972824,1.1280e-03
60.7528381,8.2025e-04
60.7625961,6.9993e-04
60.7646599,9.2973e-04
60.7961960,9.6905e-04
60.8072929,7.6418e-04
60.8099251,7.4173e-04
60.8120880,1.0905e-03
60.8261299,8.3702e-04
60.8282127,8.1536e-04
60.8449707,7.8671e-04
60.8606873,7.4612e-04
60.8628807,6.8922e-04
60.8771362,8.3774e-04
60.8793755,8.2309e-04
60.8814125,7.5058e-04
60.8835335,9.3763e-04
60.8856812,9.3099e-04
60.8979721,7.7762e-04
60.9033661,7.4372e-04
60.9054031,7.9552e-04
60.9074593,7.8758e-04
60.9097290,8.5969e-04
60.9118195,7.0909e-04
60.9439201,8.6835e-04
60.9727783,7.3551e-04
60.9749107,9.2334e-04
60.9934120,9.2228e-04
61.0172501,8.4783e-04
61.0250931,7.7669e-04
61.0495758,9.1521e-04
61.0610123,1.1788e-03
61.0700417,6.9511e-04
61.0850906,8.9034e-04
61.0956306,8.3297e-04
61.1094093,8.4951e-04
61.1115341,8.1780e-04
61.1138344,7.8886e-04
61.1272774,8.4603e-04
61.1293411,8.7447e-04
61.1585312,7.5728e-04
61.1772995,8.2037e-04
61.1800880,6.6320e-04
61.2131729,9.3031e-04
61.2240486,6.9569e-04
61.2364197,9.1171e-04
61.2497406,5.2394e-03
61.2997093,7.2947e-04
61.3017082,9.3528e-04
61.3180008,7.1395e-04
61.3283882,9.0865e-04
61.3310356,8.0419e-04
61.3431129,9.8562e-04
61.3453293,7.9027e-04
61.3686714,9.0188e-04
61.3710213,7.5287e-04
61.3733063,9.0684e-04
61.3894463,9.2162e-04
61.3948326,8.3505e-04
61.4133873,1.0473e-03
61.4158554,7.6919e-04
61.4180984,7.9640e-04
61.4200783,7.5428e-04
61.4221077,1.0359e-03
61.4245644,7.6430e-04
61.4438286,7.4576e-04
61.4458694,7.3114e-04
61.4589844,8.9936e-04
61.4652405,1.0118e-03
61.5171852,7.9221e-04
61.5299377,7.8192e-04
61.5977364,8.7543e-04
61.6223373,7.2627e-04
61.6490021,7.8284e-04
61.6773872,9.3295e-04
61.6971054,9.2304e-04
61.7201157,7.7813e-04
61.7413902,7.0036e-04
61.7435341,8.6302e-04
61.7798615,8.5843e-04
61.7820320,7.5778e-04
61.8100243,7.6678e-04
61.8287430,9.6956e-04
61.8418884,8.3802e-04
61.8546638,8.2173e-04
61.8567047,7.2007e-04
61.8587608,8.1244e-04
61.8665047,8.6314e-04
61.9018326,9.9080e-04
61.9149857,9.1285e-04
61.9171867,8.0130e-04
61.9471550,8.4443e-04
61.9567833,8.1999e-04
61.9744225,7.6002e-04
61.9957848,8.2268e-04
62.0050621,6.6630e-04
62.0648232,8.6213e-04
62.1205978,9.9348e-04
62.1370087,7.5507e-04
62.1392746,7.7773e-04
62.1503677,9.5925e-04
62.1528320,8.1506e-04
62.1551170,7.2648e-04
62.1573753,9.6597e-04
62.1598129,7.6270e-04
62.1619148,1.0160e-03
62.1643143,7.9644e-04
62.1790619,1.0665e-03
62.1872597,8.3823e-04
62.2095604,7.8432e-04
62.2299385,7.8206e-04
62.2614059,8.6910e-04
62.2640953,9.0603e-04
62.3011665,7.7529e-04
62.3210068,9.0363e-04
62.3619194,1.2627e-03
62.3962212,7.8936e-04
62.4315910,8.0686e-04
62.4337730,8.5621e-04
62.4512825,1.1024e-03
62.4539032,1.0354e-03
62.4768066,1.1875e-03
62.5008736,1.0410e-03
62.5151329,9.0554e-04
62.5174904,7.5111e-04
62.5654488,9.6846e-04
62.5797195,8.6851e-04
62.5922699,8.1931e-04
62.6026993,8.8555e-04
62.6182404,8.0609e-04
62.6388702,8.2360e-04
62.6433640,8.9004e-04
62.6646843,8.2311e-04
62.6839676,9.0378e-04
62.6983681,8.4199e-04
62.7191086,9.6337e-04
62.7334976,9.5227e-04
62.7487030,7.8392e-04
62.7620544,7.7054e-04
62.7807617,7.8784e-04
62.7920952,7.2942e-04
62.8089790,7.5850e-04
62.8518448,1.2429e-03
62.8889694,9.4823e-04
62.9874039,8.6162e-04
62.9895287,7.9299e-04
63.0019302,8.2230e-04
63.0251694,7.7196e-04
63.0350723,9.8135e-04
63.0469437,7.7366e-04
63.0620499,8.1919e-04
63.0816879,8.4641e-04
63.1024132,7.8940e-04
63.1394157,8.5655e-04
63.1711197,8.4907e-04
63.1733932,7.1888e-04
63.1752243,7.8891e-04
63.1771545,6.9560e-04
63.2147446,8.3875e-04
63.2169228,7.9486e-04
63.2192345,8.1866e-04
63.2453613,8.1885e-04
63.2800331,7.0970e-04
63.3173752,8.0615e-04
63.3276711,1.0146e-03
63.4214935,9.5033e-04
63.4723549,1.0642e-03
63.4753304,8.5626e-04
63.5149269,9.5482e-04
63.5559464,7.2092e-04
63.5580215,7.9232e-04
63.5602226,6.9612e-04
63.5764389,8.3317e-04
63.5785789,7.2910e-04
63.5898247,8.5030e-04
63.5919228,6.9280e-04
63.5940666,1.0923e-03
63.6101151,9.1848e-04
63.6124115,8.3620e-04
63.6145935,8.7016e-04
63.6170464,1.0459e-03
63.6195183,1.0490e-03
63.6532784,7.7917e-04
63.6871643,8.4153e-04
63.7186546,8.2093e-04
63.7209740,9.0817e-04
63.7371368,1.0934e-03
63.7460327,8.8164e-04
63.7483864,8.2182e-04
63.7934761,8.3672e-04
63.8040504,9.5115e-04
63.8205795,7.9166e-04
63.8490753,7.8937e-04
63.8680305,8.4008e-04
63.8833771,8.5160e-04
63.8972473,8.9418e-04
63.9081001,8.2041e-04
63.9260254,1.0098e-03
63.9364777,8.1335e-04
63.9505997,1.1705e-03
63.9589882,8.0727e-04
63.9813843,8.6909e-04
63.9835472,8.8191e-04
63.9982872,9.1688e-04
64.0147095,7.5851e-04
64.0223999,7.6466e-04
64.0541458,8.4432e-04
64.1046143,7.5463e-04
64.1098175,7.1724e-04
64.1122665,7.9267e-04
64.1145706,1.4980e-03
64.1180344,8.6263e-04
64.1313629,1.0687e-03
64.1341400,1.0213e-03
64.1712112,7.5390e-04
64.1835709,7.3331e-04
64.1989975,8.0605e-04
64.2017593,9.3665e-04
64.2042542,7.4233e-04
64.2063751,8.0117e-04
64.2083817,7.0918e-04
64.2110367,1.0087e-03
64.2132645,6.7878e-04
64.2361755,7.8514e-04
64.2416840,8.0414e-04
64.2577972,7.9255e-04
64.2747269,8.7281e-04
64.3096542,1.3777e-03
64.3310318,7.5761e-04
64.3622742,1.3765e-03
64.3730011,9.6598e-04
64.3843918,1.0033e-03
64.4147034,9.5984e-04
64.4528198,1.0088e-03
64.4780502,6.6700e-04
64.4949722,7.9983e-04
64.5129852,7.9518e-04
64.5587311,7.7335e-04
64.5721741,7.6689e-04
64.5872192,9.3958e-04
64.5963821,1.1701e-03
64.6171951,8.0058e-04
64.6273041,8.4894e-04
64.6441040,1.0399e-03
64.6627274,8.0372e-04
64.6833115,7.1571e-04
64.7226562,8.7251e-04
64.7433243,8.5846e-04
64.7684326,9.0798e-04
64.8273926,7.3333e-04
64.8432693,7.3434e-04
64.8715515,7.5757e-04
64.9028397,7.5621e-04
64.9050369,7.1155e-04
64.9070358,1.0143e-03
64.9756470,7.9671e-04
64.9924469,9.2293e-04
65.0082855,9.4726e-04
65.0476990,8.3387e-04
65.0707855,9.2173e-04
65.0800247,7.1096e-04
65.0822296,7.4444e-04
65.1158371,7.5514e-04
65.1265945,1.1709e-02
65.1400299,6.8320e-04
65.1420135,8.2636e-04
65.1530838,9.2563e-04
65.1626205,3.3372e-03
65.2082367,8.3318e-04
65.2412491,8.6256e-04
65.2648392,4.9834e-03
65.2838364,7.3526e-04
65.2859421,7.9630e-04
65.2880173,9.7462e-04
65.2903137,8.2298e-04
65.2925797,1.2255e-03
65.3002396,9.7749e-04
65.3024063,1.0811e-03
65.3185959,8.8578e-04
65.3293991,7.6888e-04
65.3356094,6.9725e-04
65.3732758,6.9127e-04
65.3902130,8.0437e-04
65.3999176,8.4653e-04
65.4083328,7.9656e-04
65.4554367,7.1690e-04
65.4748001,8.9403e-04
65.4968033,9.4991e-04
65.5305176,7.2137e-04
65.5326538,8.1338e-04
65.5532990,8.6049e-04
65.5735550,6.7609e-04
65.5755997,7.1695e-04
65.5854568,7.9210e-04
65.5876541,8.0294e-04
65.6036835,7.5162e-04
65.6202316,8.8479e-04
65.6394653,5.8185e-03
65.6540756,8.6362e-04
65.6728210,7.4258e-04
65.6841278,8.1854e-04
65.7138824,7.6249e-04
65.8141632,1.0273e-03
65.8277512,8.3643e-04
65.8298416,9.0318e-04
65.8463440,7.7016e-04
65.8621826,8.4892e-04
65.8769226,1.0297e-03
65.8951187,8.2064e-04
65.9084320,8.7134e-04
65.9222794,6.5687e-04
65.9387436,6.9966e-04
65.9579239,5.3609e-03
65.9955673,7.2503e-04
65.9976501,7.5512e-04
66.0164261,9.6617e-04
66.0187149,9.1100e-04
66.0210876,7.3194e-04
66.0233231,7.1680e-04
66.0251770,7.9667e-04
66.0274582,8.9572e-04
66.0297012,7.4256e-04
66.0319443,7.8207e-04
66.0584488,9.4809e-04
66.0607605,8.8044e-04
66.0799637,7.3088e-04
66.0819321,8.4084e-04
66.0843811,8.5197e-04
66.0866013,7.4699e-04
66.0886841,1.0209e-03
66.0912018,9.7893e-04
66.1537399,8.7593e-04
66.1668320,9.6517e-04
66.1691360,8.7690e-04
66.1714478,9.9792e-04
66.1817169,9.7216e-04
66.1841507,7.6192e-04
66.2053680,6.7830e-04
66.2215347,7.4236e-04
66.2348633,1.0671e-03
66.2535706,7.1856e-04
66.2743225,7.8896e-04
66.3072433,3.1274e-03
66.3432999,9.1171e-04
66.3606796,7.1428e-04
66.3682022,1.0527e-03
66.3993301,7.9316e-04
66.4381256,7.9444e-04
66.4834671,7.6474e-04
66.5281525,9.5335e-04
66.5305786,9.0737e-04
66.5326996,7.7002e-04
66.5424805,7.5528e-04
66.5640793,6.9355e-04
66.5825043,7.3341e-04
66.5941391,9.7071e-04
66.5978928,9.0210e-04
66.6120605,9.2409e-04
66.6144943,9.6033e-04
66.6169968,7.3048e-04
66.6190109,8.5411e-04
66.6266174,1.0290e-03
66.6289520,6.5279e-04
66.6310272,8.2598e-04
66.6333237,7.4383e-04
66.6720505,8.7016e-04
66.6741104,8.7323e-04
66.7013092,1.2104e-03
66.7176132,9.0438e-04
66.7226868,7.9373e-04
66.7249603,9.3859e-04
66.7510986,7.2567e-04
66.7762756,7.6611e-04
66.7791824,1.1318e-03
66.7884903,8.5227e-04
66.7995148,7.7102e-04
66.8161545,7.4715e-04
66.8181915,8.0118e-04
66.8354568,9.2821e-04
66.8511887,9.8833e-04
66.8749695,7.8301e-04
66.8852768,7.9894e-04
66.9027863,1.2741e-03
66.9232101,8.9023e-04
66.9451981,9.9896e-04
66.9547577,8.5414e-04
66.9656372,7.4232e-04
66.9717331,7.1858e-04
66.9837799,8.1157e-04
66.9946976,8.6040e-04
67.0102997,7.3028e-04
67.0202637,9.0573e-04
67.0374985,9.4917e-04
67.0943756,8.1913e-04
67.1320496,8.1046e-04
67.1541214,9.6386e-04
67.1640549,7.0169e-04
67.1920471,1.9636e-02
67.2225189,9.3969e-04
67.2545547,7.7309e-04
67.2683868,7.1138e-04
67.2719269,8.4889e-04
67.2882538,9.0005e-04
67.2903671,7.8639e-04
67.3052902,8.7823e-04
67.3181610,7.5132e-04
67.3205185,8.6501e-04
67.3318558,8.7735e-04
67.3341751,1.3306e-03
67.3478088,1.6288e-02
67.3833008,7.9857e-04
67.4074783,7.1793e-04
67.4213562,7.6549e-04
67.4296188,7.7630e-04
67.4316635,3.7503e-03
67.4404755,7.7621e-04
67.4426880,7.0550e-04
67.4446487,7.0361e-04
67.4473343,7.2595e-04
67.4585037,1.0511e-03
67.4725647,8.9258e-04
67.4908066,8.7767e-04
67.4932022,9.0961e-04
67.4956131,8.6188e-04
67.4981766,7.6680e-04
67.5003738,7.1667e-04
67.5130081,7.7719e-04
67.5192947,9.5982e-04
67.5215378,7.8932e-04
67.5321808,8.0884e-04
67.5460281,6.9958e-04
67.5535965,5.8078e-03
67.6054993,1.0058e-03
67.6154938,7.8302e-04
67.6176834,9.7503e-04
67.6200333,8.8230e-04
67.6230850,9.3576e-04
67.6397400,8.8655e-04
67.6420822,8.2287e-04
67.6440964,7.0355e-04
67.6539230,1.0699e-03
67.7200089,7.2473e-04
67.7985687,8.3981e-04
67.8006897,7.2549e-04
67.8132782,8.1960e-04
67.8377838,8.2224e-04
67.8400116,7.4637e-04
67.8489151,1.4448e-03
67.8620911,8.1533e-04
67.8994370,9.1998e-04
67.9016418,8.2643e-04
67.9193115,9.4008e-04
67.9216766,8.5890e-04
67.9239044,8.2954e-04
67.9260788,7.2016e-04
67.9421005,7.8705e-04
67.9541397,9.2026e-04
67.9563675,1.2112e-03
67.9589386,8.8683e-04
67.9613190,7.7893e-04
67.9634552,1.1314e-03
67.9678421,7.6240e-04
67.9700546,7.1311e-04
67.9720764,8.0799e-04
67.9741364,7.7179e-04
67.9762802,7.5242e-04
67.9783325,8.1193e-04
68.0264130,4.9316e-03
68.0786819,7.1390e-04
68.0974655,7.4605e-04
68.1301193,8.7947e-04
68.1324463,9.9913e-04
68.1348648,8.5792e-04
68.1396179,9.1783e-04
68.1418915,8.9415e-04
68.1440201,7.8000e-04
68.1460114,5.4459e-03
68.1597519,8.1716e-04
68.1667633,7.5301e-04
68.1851425,9.3680e-04
68.2435913,7.6330e-04
68.2935638,8.6575e-04
68.3135681,7.8663e-04
68.3247833,1.0706e-03
68.3817215,7.4648e-04
68.3975220,8.4726e-04
68.3999634,8.1591e-04
68.4123230,7.4707e-04
68.4323807,7.8514e-04
68.4344788,7.7814e-04
68.4370193,8.6405e-04
68.4392090,8.0779e-04
68.4965897,8.1209e-04
68.5481720,9.1983e-04
68.5505753,9.3655e-04
68.5529099,7.7855e-04
68.5644760,1.7485e-03
68.5802002,9.0815e-04
68.6093369,8.8593e-04
68.6458740,9.8803e-04
68.7044830,8.8678e-04
68.7175903,8.7560e-04
68.7370682,8.6994e-04
68.7390747,7.0203e-04
68.7502747,1.3546e-03
68.7759171,1.0857e-03
68.7784653,8.8621e-04
68.8138580,8.8735e-04
68.8196564,7.0837e-03
68.8280792,4.2681e-03
68.8336334,9.1677e-04
68.8358612,7.8767e-04
68.8459778,7.3841e-04
68.8480759,7.5618e-04
68.8644485,9.2637e-04
68.8671951,7.3658e-04
68.8693619,8.2143e-04
68.9104843,9.0126e-04
68.9337845,8.9485e-04
68.9366760,7.4314e-04
68.9388351,9.5051e-04
68.9747543,8.3410e-04
69.0326920,8.7536e-04
69.0486526,7.5793e-04
69.0657654,6.8117e-04
69.0679932,8.1621e-04
69.0790634,9.3108e-04
69.0812454,8.4174e-04
69.0835114,9.5154e-04
69.0859070,8.2015e-04
69.0881653,8.1842e-04
69.0903473,1.0197e-03
69.1150513,1.0170e-03
69.1380234,8.5344e-04
69.1433640,8.1485e-04
69.1455231,6.9759e-04
69.1475677,3.0036e-03
69.1518478,9.0273e-04
69.1540833,7.6320e-04
69.1560593,9.3472e-04
69.1584549,1.0506e-03
69.1838455,9.4379e-04
69.1862946,1.0119e-03
69.2164383,9.6265e-04
69.2666779,8.5507e-04
69.3016205,8.7891e-04
69.3040466,9.5021e-04
69.3063202,6.6034e-04
69.3082352,7.8268e-04
69.3102417,8.2279e-04
69.3125687,8.7937e-04
69.3148499,8.1934e-04
69.3171768,8.5019e-04
69.3338165,7.5744e-04
69.3360825,1.0014e-03
69.3539047,8.3557e-03
69.3957291,8.5433e-04
69.4304123,1.0338e-03
69.4467697,9.0016e-04
69.4688797,8.3107e-04
69.4887314,6.9126e-04
69.4906845,1.3675e-03
69.5052109,9.4345e-04
69.5144196,8.1010e-04
69.5626450,7.9995e-04
69.5978622,1.1083e-03
69.6005325,9.1801e-04
69.6027756,1.1878e-03
69.6519699,7.6235e-04
69.6891937,7.6595e-04
69.7142715,8.5429e-04
69.7167816,8.6839e-04
69.7344818,9.0291e-04
69.7586441,8.2585e-04
69.7769928,8.8241e-04
69.7923584,8.6137e-04
69.8130646,8.6202e-04
69.8233032,7.9566e-04
69.8253937,7.2691e-04
69.8272400,9.3417e-04
69.8294449,8.7490e-04
69.8551254,9.5751e-04
69.9133759,7.5564e-04
69.9154205,8.0921e-04
69.9175644,1.1181e-03
69.9778976,9.5718e-04
70.0299530,7.6419e-04
70.0401306,7.5843e-04
70.0462112,9.0496e-04
70.0485382,1.0348e-03
70.0696564,5.2694e-03
70.0767975,6.9186e-04
70.0789185,7.3039e-04
70.1153641,7.0023e-04
70.1405716,7.4368e-04
70.1425858,7.8993e-04
70.1448593,7.9986e-04
70.1860580,7.5619e-04
70.2545929,8.7306e-04
70.2757416,1.3841e-03
70.3056107,8.4553e-04
70.3636780,8.9207e-04
70.4018097,8.8986e-04
70.4040222,1.3849e-03
70.4071045,1.0084e-03
70.4151611,7.9774e-04
70.4248810,7.5630e-04
70.4302521,7.8165e-04
70.4323807,7.6201e-04
70.4344254,7.7068e-04
70.4366150,6.6628e-04
70.4384766,7.0595e-04
70.4405212,8.0237e-04
70.4675674,8.4618e-04
70.4902954,9.0202e-04
70.5284042,8.6227e-04
70.5421829,1.4432e-03
70.5568695,1.4827e-03
70.5745850,9.6764e-04
70.5769119,1.1224e-03
70.5934982,7.2203e-04
70.6133881,1.0399e-03
70.6256104,7.7306e-04
70.6276855,6.6804e-04
70.6408768,8.8330e-04
70.6527939,7.3478e-04
70.6622772,1.3843e-03
70.6798096,1.4926e-03
70.7014771,7.9066e-04
70.7171249,8.6468e-04
70.7338028,7.5875e-04
70.7356796,7.4540e-04
70.7493668,7.3625e-04
70.7652817,7.3069e-04
70.7675247,8.1671e-04
70.7746048,7.6718e-04
70.7767639,6.9539e-04
70.7921295,1.4854e-02
70.8215942,4.1336e-03
70.8415756,7.2131e-04
70.8754272,9.6134e-04
70.8942413,8.0921e-04
70.9101868,7.8626e-04
70.9351654,8.9208e-04
70.9859543,8.1461e-04
70.9883118,8.6546e-04
71.0000458,7.9307e-04
71.0020065,7.9972e-04
71.0041275,6.7543e-04
71.0060883,8.2382e-04
71.0211182,7.0531e-03
71.0360565,7.5802e-04
71.0382843,1.4361e-02
71.0541153,8.6744e-04
71.0587387,8.0017e-04
71.0821457,9.2962e-04
71.0980301,7.0302e-04
71.1261139,8.2006e-04
71.1745071,7.9006e-04
71.2340164,7.8891e-04
71.2362442,1.0667e-03
71.2385254,7.8929e-04
71.2407837,8.2263e-04
71.2430573,7.8052e-04
71.2451248,8.4924e-04
71.2473221,7.0604e-04
71.2496109,7.8104e-04
71.2523880,9.3393e-04
71.2645645,9.2223e-04
71.2783508,9.2049e-04
71.2813339,8.2960e-04
71.2934113,8.9245e-04
71.2956924,6.7366e-04
71.3104477,8.1783e-04
71.3257751,9.3984e-04
71.3279877,8.6334e-04
71.3303909,9.2156e-04
71.3428040,8.0352e-04
71.3587570,7.4956e-04
71.3609848,7.9335e-04
71.3816605,9.0080e-04
71.4329758,1.0215e-03
71.4593048,8.7929e-04
71.4766693,8.1625e-04
71.5244217,9.4801e-04
71.5267639,8.7053e-04
71.5289459,7.8375e-04
71.5394058,8.5287e-04
71.5485840,9.1762e-04
71.5925903,8.0328e-04
71.6262741,7.4062e-04
71.6411667,7.8012e-04
71.6574478,9.7721e-04
71.6598663,6.9424e-04
71.6701126,8.0778e-04
71.6848068,9.0696e-04
71.7028427,7.2187e-04
71.7198792,7.5904e-04
71.7381287,9.4892e-04
71.7584229,6.9426e-04
71.7759781,1.3513e-03
71.7787018,8.9896e-04
71.7905960,7.6813e-04
71.8046341,7.7318e-04
71.8067551,1.2305e-03
71.8313446,7.5599e-04
71.8465118,1.0046e-03
71.8626785,8.7680e-04
71.8648148,7.9176e-04
71.8669891,7.0441e-04
71.8773117,8.8433e-04
71.8902740,9.4875e-04
71.9046173,7.0945e-04
71.9236984,7.6282e-04
71.9388580,7.4002e-04
71.9752350,7.6045e-04
71.9863663,7.6748e-04
72.0009537,7.1383e-04
72.0130997,7.5312e-04
72.0151443,9.1335e-04
72.0248795,7.5525e-04
72.0298767,7.5798e-04
72.0318832,7.3351e-04
72.0389557,7.5374e-04
72.0511093,8.3116e-04
72.0705643,1.1531e-03
72.0862122,8.5100e-04
72.1141815,7.9986e-04
72.1332550,1.4894e-03
72.1489258,8.2047e-04
72.1630325,7.3583e-04
72.1650314,8.0298e-04
72.1769791,8.2092e-04
72.2170563,7.8474e-04
72.2322083,5.5976e-03
72.2554779,9.7746e-04
72.2661285,7.8467e-04
72.2787704,8.1314e-04
72.2907410,9.7059e-04
72.3096924,7.1717e-04
72.3249283,8.0104e-04
72.3362579,7.3436e-04
72.3482819,9.8349e-04
72.3570023,9.1788e-04
72.3846436,7.9024e-04
72.4053650,7.4540e-04
72.4338531,1.2010e-03
72.4488068,7.4842e-04
72.4766312,7.8186e-04
72.4926071,9.5345e-04
72.4949036,8.9078e-04
72.5102310,9.2866e-04
72.5217438,7.8160e-04
72.5329132,8.4643e-04
72.5398941,7.8851e-04
72.5556412,8.2730e-04
72.5696487,8.4409e-04
72.5944901,8.5920e-04
72.6156006,8.7671e-04
72.6180573,8.4037e-04
72.6346741,9.4972e-04
72.6636047,7.3828e-04
72.6784897,2.4356e-03
72.6823959,1.0474e-03
72.7003174,1.1116e-02
72.7224274,7.8540e-04
72.7374725,7.5859e-04
72.7462387,8.9930e-04
72.7486038,8.6991e-04
72.7567062,8.4861e-04
72.7757568,1.0865e-03
72.7779922,8.4790e-04
72.7801819,8.6896e-04
72.8017044,9.9147e-04
72.8040390,8.8181e-04
72.8063583,7.3345e-04
72.8085632,7.8105e-04
72.8106766,8.0277e-04
72.8128891,7.8337e-04
72.8308105,9.2054e-04
72.8332672,7.8450e-04
72.8409958,8.6829e-04
72.8432999,7.4746e-04
72.8476105,7.6670e-04
72.8496246,8.2498e-04
72.8515167,7.1906e-04
72.8604965,1.3854e-03
72.8730164,9.6252e-04
72.8754883,8.9635e-04
72.8777466,9.7259e-04
72.9109344,7.9838e-04
72.9201202,8.6998e-04
72.9232635,7.4332e-04
72.9252090,8.1889e-04
72.9273682,7.5758e-04
72.9517746,7.4708e-04
73.0029678,8.6984e-04
73.0156250,7.9428e-04
73.0323257,8.6838e-04
73.0652924,7.4013e-04
73.0762405,8.0247e-04
73.0940628,7.4279e-04
73.1254883,8.3960e-04
73.1383896,8.3422e-04
73.1520309,8.1513e-04
73.1769562,8.1002e-04
73.2208557,9.0055e-04
73.2550583,7.0279e-04
73.2875443,7.4603e-04
73.3104248,7.4747e-04
73.3258209,8.4108e-04
73.3620682,7.2333e-04
73.4211121,7.4987e-04
73.4668274,9.6132e-04
73.4782257,8.7400e-04
73.5036011,7.1433e-04
73.5187607,8.9164e-04
73.5293427,8.0587e-04
73.5317841,8.7231e-04
73.5488510,7.5695e-04
73.5951843,9.2482e-04
73.5977097,7.8580e-04
73.6046295,8.0691e-04
73.6171722,8.0208e-04
73.6430740,8.3564e-04
73.6635590,7.3937e-04
73.6656265,1.0143e-03
73.6679230,7.0929e-04
73.6699371,7.8439e-04
73.6856613,7.0091e-04
73.7254791,7.5178e-04
73.7275696,7.2381e-04
73.7294846,6.9183e-04
73.7414246,7.3967e-04
73.7721481,9.1818e-04
73.7956314,8.1005e-04
73.8270645,1.2103e-03
73.8759918,9.2695e-04
73.8809357,7.6784e-04
73.8832321,8.1685e-04
73.8852692,8.1784e-04
73.8873520,8.3453e-04
73.9106293,8.8841e-04
73.9323349,8.9948e-04
73.9346390,8.7400e-04
73.9681473,7.2508e-04
73.9940186,7.3808e-04
74.0289078,7.5844e-04
74.0479965,8.9494e-04
74.0673828,9.8120e-04
74.0762253,8.0964e-04
74.0787430,8.2583e-04
74.0807419,6.9362e-04
74.0831680,7.5565e-04
74.0999756,9.6616e-04
74.1297760,8.4127e-04
74.1532822,8.8272e-04
74.1823044,8.6937e-04
74.2085037,2.4381e-03
74.2218933,7.2537e-04
74.2355881,6.9970e-04
74.2378387,1.4822e-03
74.2526398,7.3593e-04
74.2733841,8.5591e-04
74.2810059,8.2419e-04
74.3097076,8.2061e-04
74.3153839,7.9697e-04
74.3322372,7.1755e-04
74.3442993,7.6781e-04
74.3463821,7.2293e-04
74.3624268,8.3118e-04
74.3649368,7.9610e-04
74.4107971,8.8162e-04
74.4326630,6.5341e-04
74.4344788,8.9683e-04
74.4366684,9.5018e-04
74.4614105,7.3534e-04
74.4886322,6.8430e-03
74.5191956,7.3170e-04
74.5369644,7.3859e-04
74.5501785,8.6808e-04
74.5761490,8.2617e-04
74.5785522,8.6355e-04
74.5960541,6.5938e-04
74.6061707,8.0570e-04
74.6259003,6.8000e-04
74.6278152,8.5521e-04
74.6366043,7.8426e-04
74.6524734,9.6651e-04
74.6678467,7.7520e-04
74.6833725,1.2100e-03
74.7094727,7.8902e-04
74.7413635,7.7101e-04
74.7551422,1.0704e-03
74.7578506,1.0833e-03
74.7733383,9.7970e-04
74.7854691,8.6180e-04
74.7954330,6.7206e-04
74.8204422,8.8021e-04
74.8227386,7.2521e-04
74.8396072,7.8560e-04
74.8577881,1.4684e-03
74.8864594,1.3609e-03
74.8972855,7.4666e-04
74.9127502,8.9816e-04
74.9288330,9.9486e-04
74.9313126,7.4595e-04
74.9334259,8.8638e-04
74.9516754,6.6773e-04
74.9663925,8.7110e-04
74.9850845,8.1143e-04
74.9990463,7.7729e-04
75.0128021,1.3203e-03
75.0346603,8.6886e-04
75.0581131,7.0137e-04
75.0733261,1.2234e-03
75.0758667,8.3083e-04
75.0780945,8.0162e-04
75.0908051,1.1369e-03
75.1011505,8.4784e-04
75.1148682,8.4503e-04
75.1307755,7.9164e-04
75.1482620,7.4981e-04
75.1605988,9.5451e-04
75.1729736,1.0118e-03
75.1853638,7.1247e-04
75.2023392,6.3407e-04
75.2140503,9.9321e-04
75.2294846,7.9564e-04
75.2318192,8.5414e-04
75.2496033,1.0074e-03
75.2521210,9.4467e-04
75.2656860,7.3950e-04
75.2833176,7.3075e-04
75.2918777,7.7976e-04
75.2979813,7.7406e-04
75.3034058,9.4841e-04
75.3097992,7.7950e-04
75.3308258,7.3503e-04
75.3418121,8.6031e-04
75.3518677,6.9249e-04
75.3654175,8.8905e-04
75.3810577,7.7369e-04
75.4016495,7.5082e-04
75.4210587,7.0624e-04
75.4491806,8.5765e-04
75.4802856,9.7500e-04
75.5366516,1.1324e-03
75.5520401,7.3264e-04
75.5728836,9.6383e-04
75.5870895,8.4956e-04
75.6007385,7.4999e-04
75.6300125,8.5131e-04
75.6397781,7.7206e-04
75.6504059,7.9751e-04
75.6648407,6.5376e-04
75.6761856,9.7966e-04
75.6959229,8.4794e-04
75.7109299,7.6248e-04
75.7275696,1.3422e-03
75.7380371,1.4768e-03
75.7492371,7.7657e-04
75.7638626,7.8804e-04
75.7827377,7.6108e-04
75.8060989,8.4881e-04
75.8236084,8.7563e-04
75.8393555,8.6712e-04
75.8504791,4.7758e-03
75.8717117,8.5310e-04
75.9127502,8.8634e-04
75.9213104,7.9518e-04
75.9329605,1.1618e-03
75.9383698,7.1503e-04
75.9546051,8.3292e-04
75.9658127,8.7215e-04
75.9787674,8.5378e-04
75.9989014,9.0412e-04
76.0362015,7.3825e-04
76.0527878,8.3528e-04
76.0691528,8.7294e-04
76.0759583,1.0158e-03
76.0951462,7.2225e-04
76.1143494,8.2992e-04
76.1525726,7.6919e-04
76.2201233,1.0422e-03
76.2465134,6.5076e-04
76.2784119,1.1497e-03
76.2810059,8.6004e-04
76.2995300,2.1623e-03
76.3163223,8.4607e-04
76.3187561,7.5915e-04
76.3208847,8.2479e-04
76.3450928,7.3053e-04
76.3472900,7.2458e-04
76.3613205,1.1727e-03
76.3885803,8.7845e-04
76.3977203,7.5433e-04
76.4166489,7.2930e-04
76.4321136,1.0285e-03
76.4400558,1.0001e-03
76.4584122,3.1843e-02
76.5026855,7.9741e-04
76.5200043,1.0566e-02
76.5320740,9.1076e-04
76.5362549,9.0846e-04
76.5800018,7.7093e-04
76.6010132,7.7219e-04
76.6754608,8.3028e-04
76.6776352,8.7600e-04
76.6880798,8.5574e-04
76.7492294,8.3602e-04
76.7707367,7.2343e-04
76.7793350,7.4274e-04
76.7813416,6.8854e-04
76.7832794,7.1025e-04
76.8027344,9.4138e-04
76.8053360,7.8466e-04
76.8549805,7.8679e-04
76.8571396,8.7804e-04
76.8690796,9.1198e-04
76.8713913,7.5766e-04
76.8981552,2.3393e-02
76.9538803,1.3659e-03
76.9873581,1.0160e-03
76.9898834,7.7219e-04
76.9919128,8.2799e-04
76.9939957,7.0726e-04
76.9957657,1.0589e-03
76.9982605,8.4836e-04
77.0182724,1.0209e-03
77.0373535,1.1004e-03
77.0397415,7.6254e-04
77.0418320,7.5826e-04
77.0438232,6.8383e-04
77.0587845,9.1824e-04
77.0926208,7.2579e-04
77.1056213,7.0758e-04
77.1363297,1.2766e-03
77.1388855,8.0239e-04
77.1468811,8.7859e-04
77.1755524,8.3476e-04
77.2081528,7.2901e-04
77.2104721,8.1588e-04
77.2125092,7.8314e-04
77.2708359,8.6048e-04
77.2734756,7.9314e-04
77.3053436,8.4000e-04
77.3076859,7.8629e-04
77.3097076,7.0837e-04
77.3523407,9.6986e-04
77.3565750,8.3685e-04
77.3586044,1.0544e-03
77.3614426,9.2670e-04
77.3635254,8.3563e-04
77.3657608,9.0060e-04
77.3685684,8.1643e-04
77.3847504,8.4973e-04
77.3871460,9.6002e-04
77.4050446,8.8748e-04
77.4152527,8.8740e-04
77.4291077,8.7362e-04
77.4453888,7.6608e-04
77.4475250,8.3781e-04
77.4497223,7.2805e-04
77.4517517,1.0870e-03
77.4765854,8.6174e-04
77.4787903,8.8716e-04
77.4898376,7.9101e-04
77.4920578,9.2547e-04
77.5447540,8.2187e-04
77.6108475,7.1972e-04
77.6231232,9.2421e-04
77.6255417,6.9541e-04
77.6273804,7.6247e-04
77.6467743,7.5847e-04
77.6562271,7.8124e-04
77.6584702,7.4966e-04
77.6702194,7.6321e-04
77.6723862,9.0575e-04
77.6752930,6.9201e-04
77.7094345,9.6228e-04
77.7372818,1.0504e-03
77.7605591,7.5298e-04
77.7628174,9.6913e-04
77.7719116,7.5334e-04
77.7741776,1.0491e-03
77.7765503,1.0215e-03
77.7790833,9.0730e-04
77.7812500,6.8761e-04
77.7831497,8.3144e-04
77.7960968,7.3035e-04
77.8293152,7.3153e-04
77.8530884,7.4370e-04
77.8863144,8.9796e-04
77.9149551,7.7191e-04
77.9829559,7.3579e-04
78.0280838,8.2281e-04
78.0586624,9.9643e-04
78.0991135,8.8675e-04
78.1119614,1.0001e-03
78.1731415,8.8296e-04
78.1772690,1.2345e-03
78.2035217,9.3571e-04
78.2066574,7.3835e-04
78.2297058,8.0686e-04
78.2319412,1.3061e-03
78.2351608,8.6022e-04
78.2376709,8.8101e-04
78.2397614,8.7540e-04
78.2417374,8.0714e-04
78.2532654,7.9489e-04
78.2754364,1.0594e-03
78.2859650,8.9542e-04
78.3013916,8.4924e-04
78.3624496,7.7772e-04
78.3909912,8.4232e-04
78.3933182,9.0457e-04
78.4146576,9.7750e-04
78.4174042,8.9215e-04
78.4196701,7.4641e-04
78.4307632,1.0229e-03
78.4336014,7.7118e-04
78.4356842,7.9452e-04
78.4704285,6.9995e-03
78.5069427,7.6416e-04
78.5353622,8.4492e-04
78.5636368,9.5366e-04
78.5878220,7.0356e-04
78.6199646,8.8135e-04
78.6371078,8.7280e-04
78.6702042,1.0238e-03
78.6809921,8.3111e-04
78.7054367,9.3117e-04
78.7250061,7.6072e-04
78.7432785,8.8833e-04
78.7710800,7.1097e-04
78.8076172,8.5041e-04
78.8416595,9.6633e-04
78.8593674,9.7168e-04
78.8615952,9.4163e-04
78.8671875,7.2803e-04
78.8857727,7.8231e-04
78.9253464,8.2032e-04
78.9530563,9.9150e-04
79.0173721,8.2915e-04
79.0357132,7.4655e-04
79.0599365,9.0408e-04
79.1267624,8.0211e-04
79.1712570,8.6645e-04
79.1738358,8.6011e-04
79.1761093,1.0459e-03
79.1785889,8.4692e-04
79.2185059,8.0922e-04
79.2205734,1.0018e-03
79.2236862,9.9973e-04
79.2261658,9.2156e-04
79.2487259,9.1470e-04
79.2509995,8.2107e-04
79.2907791,8.2320e-04
79.3115845,8.3188e-04
79.3136368,7.8996e-04
79.3157806,6.6461e-04
79.3177948,7.7088e-04
79.3198853,8.8744e-04
79.3423080,8.1812e-04
79.3617172,7.4419e-04
79.3823776,9.3937e-04
79.3845520,7.2273e-04
79.3865509,7.5043e-04
79.3886642,8.4431e-04
79.3908844,8.3462e-04
79.4093018,6.9180e-04
79.4111633,7.2724e-04
79.4136963,8.0720e-04
79.4161606,7.7735e-04
79.4184113,1.0550e-03
79.4292984,8.6713e-04
79.4316864,8.3504e-04
79.4337921,7.6847e-04
79.4526443,7.0803e-04
79.4549332,7.6522e-04
79.4886169,6.9849e-04
79.4905167,8.7311e-04
79.5090332,7.5231e-04
79.5116959,7.4570e-04
79.5605774,9.1168e-04
79.5710907,7.0822e-04
79.5922928,8.8108e-04
79.6037827,8.1211e-04
79.6225662,8.4019e-04
79.6533890,1.5095e-03
79.6703796,8.6961e-04
79.6887054,9.6532e-04
79.7012177,9.2754e-04
79.7034378,7.3767e-04
79.7218246,7.2690e-04
79.7303314,8.8312e-04
79.7436600,1.8965e-03
79.7622070,1.0594e-03
79.7802048,6.9632e-04
79.8145752,7.5537e-04
79.8360214,9.3819e-04
79.8692017,7.7398e-04
79.8830338,1.0159e-03
79.9129333,1.1769e-03
79.9296112,8.3456e-04
79.9459686,1.1321e-02
79.9671555,9.3135e-04
79.9808884,7.4790e-04
79.9996719,9.3434e-04
80.0139389,8.1189e-04
80.0252228,8.5808e-04
80.1172104,9.0245e-04
80.1193848,8.5838e-04
80.1291351,8.1403e-04
80.1413498,9.1860e-04
80.1628113,8.6870e-04
80.2184296,7.6847e-04
80.2328262,7.5225e-04
80.2410583,9.7051e-03
80.2523422,7.6059e-04
80.2666397,9.8558e-04
80.3675766,7.8354e-04
80.4048233,9.7847e-04
80.4379807,1.0336e-03
80.4820633,9.4667e-04
80.4845505,8.0975e-04
80.4895172,8.5463e-04
80.5177231,9.6398e-04
80.5200119,7.6924e-04
80.5221786,8.2080e-04
80.5477676,1.1441e-03
80.5797958,1.5496e-03
80.5826263,8.0764e-04
80.5846863,8.9327e-04
80.5946350,9.8821e-04
80.5969696,8.6115e-04
80.6310959,8.0058e-04
80.6710129,9.9625e-04
80.6734467,8.8102e-04
80.7226868,8.1056e-04
80.7356339,7.7117e-04
80.7658157,7.5474e-04
80.7874832,7.6585e-04
80.8420792,7.7761e-04
80.8772736,7.1981e-04
80.8947830,7.8560e-04
80.9328079,9.4230e-04
80.9355469,8.6296e-04
80.9399109,8.2664e-04
80.9640198,8.2141e-04
80.9776917,1.4661e-03
80.9923935,8.1854e-04
81.0064011,8.0057e-04
81.0109787,7.4422e-04
81.0148773,1.0311e-03
81.0217514,7.8458e-04
81.0338974,9.2074e-04
81.0486832,8.9393e-04
81.0582657,8.6485e-04
81.0740509,7.8462e-04
81.0859680,1.5816e-03
81.1095276,1.7261e-03
81.1296539,8.9857e-04
81.1424866,8.3871e-04
81.1564484,7.9961e-04
81.1671982,8.2436e-04
81.1965332,8.5717e-04
81.1987228,8.6708e-04
81.2008743,8.3680e-04
81.2169952,1.0629e-03
81.2598495,8.8699e-04
81.2777786,9.1855e-04
81.2803040,1.1162e-03
81.2832718,1.0208e-03
81.2972107,8.5557e-04
81.2997437,8.9974e-04
81.3018723,7.1339e-04
81.3040237,3.3759e-03
81.3662949,7.8247e-04
81.3685837,1.5881e-03
81.3769913,7.5010e-04
81.3795395,8.5368e-04
81.3867188,7.4689e-04
81.4038849,3.4712e-03
81.4314041,7.0619e-04
81.4503326,6.9830e-04
81.4659500,8.1432e-04
81.4843979,9.2365e-04
81.5129318,8.9552e-04
81.5153351,7.7191e-04
81.5296478,7.1870e-04
81.5578003,7.8117e-04
81.5651321,8.1575e-04
81.5722122,7.9816e-04
81.5993042,7.8551e-04
81.6190338,7.2653e-04
81.6569977,8.9516e-04
81.7082825,8.0663e-04
81.7201385,8.5234e-04
81.7420197,1.0246e-03
81.7946701,7.5189e-04
81.8095856,8.1700e-04
81.8181915,1.4406e-03
81.8261337,8.5962e-04
81.8380814,9.9760e-04
81.8402939,8.8366e-04
81.8506546,9.8245e-04
81.8530655,1.1413e-03
81.8557205,9.8373e-04
81.8583450,8.0019e-04
81.8607483,8.6404e-04
81.8629761,2.0554e-03
81.8715286,1.2551e-03
81.9065628,9.3551e-04
81.9193726,7.4366e-04
81.9426575,8.5528e-04
81.9447327,7.7043e-04
81.9672623,1.1410e-03
81.9824066,1.2044e-03
81.9849472,9.9031e-04
81.9874954,9.1166e-04
82.0024490,9.9061e-04
82.0102081,7.4072e-04
82.0231247,1.2792e-03
82.0261230,1.3407e-03
82.0290527,1.0433e-03
82.0468369,7.5047e-04
82.0677948,7.8126e-04
82.0905533,8.2570e-04
82.0930023,7.1112e-04
82.1301422,7.2542e-04
82.1468964,8.1308e-04
82.1646500,9.0413e-04
82.1690903,8.7875e-04
82.1965790,1.0303e-03
82.2205658,1.1351e-03
82.2544098,9.0281e-04
82.2609940,7.7874e-04
82.2735596,1.3815e-03
82.2817535,8.2622e-04
82.3173599,7.3681e-04
82.3378906,8.5302e-04
82.4224243,7.4036e-04
82.4251785,8.3658e-04
82.4274521,9.2141e-04
82.4444580,9.8388e-04
82.4468613,7.0869e-04
82.4489288,7.7584e-04
82.4816437,7.0564e-04
82.4839325,7.6059e-04
82.4901199,6.2582e-03
82.4982758,8.8639e-04
82.5154190,1.0434e-02
82.5401840,8.0717e-04
82.5578308,8.7832e-04
82.5722885,3.0470e-03
82.5765686,1.2335e-03
82.5792694,9.6268e-04
82.6084442,7.6539e-04
82.6450958,8.9662e-04
82.6660919,8.8229e-04
82.7258301,9.9855e-04
82.7414932,7.7410e-04
82.7874985,1.0030e-03
82.8056870,7.1767e-04
82.8081512,8.2676e-04
82.8233795,1.0657e-03
82.8400192,9.5936e-04
82.8703461,8.5146e-04
82.8793106,8.9882e-04
82.8819809,8.3222e-04
82.8841476,8.6043e-04
82.8956833,8.0033e-04
82.9173584,8.1359e-04
82.9322205,7.3685e-04
82.9343948,7.5842e-04
82.9504623,8.1329e-04
82.9659882,6.8050e-04
82.9991989,6.9452e-04
83.0189743,9.2776e-04
83.0300293,7.7276e-04
83.0543823,1.9995e-02
83.0898209,9.0138e-04
83.1002121,1.0022e-03
83.1353836,8.7024e-04
83.1394882,8.0446e-04
83.1531296,7.0539e-04
83.1832047,7.5846e-04
83.1856384,9.9555e-04
83.2022400,7.0055e-04
83.2334747,7.1746e-04
83.2490540,7.4195e-04
83.2640305,2.3696e-03
83.2777786,7.2878e-04
83.2959290,7.4732e-04
83.3194046,7.9525e-04
83.3343735,7.3617e-04
83.3512802,1.0234e-03
83.3920364,8.9236e-04
83.4105682,7.7542e-04
83.4365845,8.9186e-04
83.5193481,8.4768e-04
83.5324631,8.9581e-04
83.5471878,9.0648e-04
83.5603409,8.8513e-04
83.5744247,9.3362e-04
83.5996704,7.6049e-04
83.6115723,1.0071e-03
83.6279526,8.4602e-04
83.6449661,7.4958e-04
83.6843948,8.3824e-04
83.7068405,7.0896e-04
83.7248230,7.9109e-04
83.7618561,7.1612e-04
83.8039093,8.2916e-04
83.8310089,8.8693e-04
83.8411102,8.2816e-04
83.8436737,7.8996e-04
83.8459091,6.8994e-04
83.8925858,7.5126e-03
83.9253387,7.6261e-04
83.9411087,7.1950e-04
83.9544983,9.3575e-04
84.0078354,8.0167e-04
84.0272827,8.6198e-04
84.0489273,7.5518e-04
84.0630341,7.5353e-04
84.0747604,7.3005e-04
84.0940399,7.4211e-04
84.1592331,7.8896e-04
84.1739502,8.4001e-04
84.1865463,3.3264e-03
84.1918869,9.9205e-04
84.2019501,7.3187e-04
84.2044601,1.0141e-03
84.2119904,7.5548e-04
84.2331543,1.1083e-03
84.2358704,6.9986e-04
84.2540436,1.0903e-03
84.2731705,9.5746e-04
84.3085251,7.4223e-04
84.3416748,8.3254e-04
84.3733292,7.8238e-04
84.3831635,8.0583e-04
84.3901749,8.9081e-04
84.4050827,7.6900e-04
84.4174423,7.7319e-04
84.4225311,7.3767e-04
84.4266968,6.9983e-04
84.4290695,7.8687e-04
84.4448547,7.0146e-04
84.4466400,8.4016e-04
84.4488144,8.2605e-04
84.4508591,7.8969e-04
84.4531250,7.9759e-04
84.4744873,7.9549e-04
84.5010681,8.3210e-04
84.5162430,7.7949e-04
84.5185776,8.7982e-04
84.5419159,7.4408e-04
84.5487976,8.8421e-04
84.5646057,7.9986e-04
84.5666275,8.1329e-04
84.5688477,7.4551e-04
84.5710373,9.1037e-04
84.5732040,8.5248e-04
84.5827637,8.0396e-04
84.6080322,8.5102e-04
84.6294937,8.5712e-04
84.6318512,1.1276e-03
84.6355057,6.9868e-04
84.6374512,7.0795e-04
84.6455994,9.6137e-04
84.6591415,1.0221e-03
84.6985321,7.4194e-04
84.7256775,8.3781e-04
84.7447052,9.5797e-04
84.7949066,1.0377e-03
84.7973480,7.0452e-04
84.7995453,8.0730e-04
84.8018494,7.7183e-04
84.8041077,7.8562e-04
84.8183823,6.6723e-04
84.8266220,7.7431e-04
84.8369370,1.2106e-03
84.8580933,8.1057e-04
84.8808212,7.7068e-04
84.9008789,7.7916e-04
84.9161072,1.8895e-03
84.9608078,8.9775e-04
84.9734879,9.2567e-04
84.9990387,8.5291e-04
85.0363083,8.1957e-04
85.0593567,8.4793e-04
85.0680542,6.9261e-04
85.0874329,6.9898e-04
85.1035767,7.6107e-04
85.1057129,7.6708e-04
85.1076660,7.5881e-04
85.1099472,8.9887e-04
85.1120453,7.5691e-04
85.1142044,7.6654e-04
85.1163330,8.9865e-04
85.1194916,7.9352e-04
85.1715927,7.4770e-04
85.1736908,7.0076e-04
85.1760330,8.2568e-04
85.1949692,9.9383e-04
85.2175827,8.6449e-04
85.2200165,6.6991e-04
85.2340927,8.4191e-04
85.2422180,7.0630e-04
85.2448120,9.5915e-04
85.2489395,8.4543e-04
85.2651672,7.5782e-04
85.3229141,8.7769e-04
85.3385925,8.1079e-04
85.3407745,9.8497e-04
85.3429031,7.3825e-04
85.3448334,7.1343e-04
85.3467636,1.5432e-03
85.3495636,7.2255e-04
85.3631592,2.4211e-03
85.3672791,8.6782e-04
85.3934402,7.2899e-04
85.4237366,7.4563e-04
85.4657898,7.8440e-04
85.4911575,9.5283e-04
85.4975815,7.6122e-04
85.4996109,7.9862e-04
85.5018158,7.8996e-04
85.5111237,7.7956e-04
85.5132141,7.2328e-04
85.5153885,7.6010e-04
85.5283966,8.4803e-04
85.5309296,8.1344e-04
85.5430450,7.0945e-04
85.5452194,7.3603e-04
85.5474625,1.0951e-03
85.5617218,9.7190e-04
85.5811996,1.4048e-03
85.6036224,9.4158e-04
85.6205292,9.3377e-04
85.6227341,6.9491e-04
85.6417465,7.5234e-04
85.6486816,8.5809e-04
85.6623077,6.8783e-04
85.6642075,9.9008e-04
85.6665802,1.0896e-03
85.6689911,9.0663e-04
85.6713943,7.2833e-04
85.7153854,8.0186e-04
85.7174835,1.1821e-03
85.7200928,8.2629e-04
85.7511673,8.8426e-04
85.7795334,7.7625e-04
85.8194733,8.3299e-04
85.9306488,1.1541e-03
85.9468613,8.5325e-04
85.9871902,8.8036e-04
86.0358963,7.9788e-04
86.0830994,8.6047e-04
86.1234283,7.6696e-04
86.1255188,8.9502e-04
86.1277161,7.5482e-04
86.1300507,7.0020e-04
86.1421585,8.6261e-04
86.1449738,1.0053e-03
86.1644363,1.0271e-03
86.1669235,7.6376e-04
86.2028885,7.7622e-04
86.2189789,7.9334e-04
86.2229080,8.7500e-04
86.2252502,7.5067e-04
86.2275085,6.9876e-04
86.2293854,7.3025e-04
86.2316055,7.7300e-04
86.2510910,7.9144e-04
86.3815002,7.3356e-04
86.3839798,8.8143e-04
86.3862076,7.4142e-04
86.3882599,1.0087e-03
86.4871597,1.3904e-03
86.5425949,1.0127e-03
86.6041336,7.9696e-04
86.6200027,7.9206e-04
86.6283340,8.2461e-04
86.6303024,7.0110e-04
86.6321793,7.3674e-04
86.6344223,8.3782e-04
86.6365662,9.1467e-04
86.6390991,8.9000e-04
86.6412659,1.3006e-03
86.6439972,7.8574e-04
86.6460495,1.0463e-03
86.6786880,7.4382e-04
86.6879196,7.1124e-04
86.7071915,8.5887e-04
86.7316513,7.6650e-04
86.7337494,9.1403e-04
86.7360001,8.3443e-04
86.7380447,8.3904e-04
86.7545624,8.5288e-04
86.7725372,7.6218e-04
86.7749100,8.3221e-04
86.7903214,9.3203e-04
86.8215637,7.8543e-04
86.8362961,9.9511e-04
86.8387680,8.8202e-04
86.8707428,8.4379e-04
86.9778137,8.1102e-04
87.0111237,9.1356e-04
87.0139465,8.4208e-04
87.0347672,8.2859e-04
87.0491333,8.6898e-04
87.0532608,1.1712e-03
87.0683746,6.4932e-03
87.1130447,8.7265e-04
87.1155243,9.0174e-04
87.1320801,9.1084e-04
87.1342850,7.8088e-04
87.1436615,8.0303e-04
87.1626053,9.0435e-04
87.1781616,7.0723e-04
87.1800842,1.1053e-03
87.1824722,8.8372e-04
87.1846390,8.1900e-04
87.2270432,7.8325e-04
87.2410965,8.4758e-04
87.2432785,7.4617e-04
87.2456284,8.2404e-04
87.2592087,8.3577e-04
87.2796555,8.1690e-04
87.3134689,7.5557e-04
87.3159332,7.4053e-04
87.3294754,7.7675e-04
87.3386765,7.6042e-04
87.3702316,7.9088e-04
87.3724518,7.5847e-04
87.3745117,7.4379e-04
87.3912582,6.9987e-04
87.4174805,8.9623e-04
87.4198456,7.0258e-04
87.4219360,7.8880e-04
87.4286728,7.8479e-04
87.4307327,1.1456e-03
87.4416580,7.7965e-04
87.4520645,6.3296e-04
87.4679184,6.4460e-04
87.4729538,7.7931e-04
87.4748993,7.7832e-04
87.4933701,7.8795e-04
87.4954834,9.6493e-04
87.4979935,9.2781e-04
87.5286865,8.6006e-04
87.5654373,7.9567e-04
87.6093521,1.0594e-03
87.6308289,9.6572e-04
87.6721878,8.5627e-04
87.6852646,8.5626e-04
87.6916122,7.7934e-04
87.7090759,1.0114e-03
87.7114410,8.2167e-04
87.7136917,7.6547e-04
87.7158356,7.9010e-04
87.7961578,7.5528e-04
87.8572693,7.2342e-03
87.8661957,8.3142e-04
87.8771515,7.7556e-04
87.8962173,7.5184e-04
87.9353714,6.7857e-04
87.9374390,7.9695e-04
87.9397583,7.4288e-04
88.0022583,8.2773e-04
88.0451508,1.2338e-03
88.0534592,7.8431e-04
88.0812225,8.6188e-04
88.1518707,9.2734e-04
88.1540756,7.7841e-04
88.1730042,1.0393e-03
88.1755066,9.3964e-04
88.1899872,1.0159e-03
88.2159653,9.2400e-04
88.2183228,1.0928e-03
88.2205963,1.8461e-03
88.2599030,7.8413e-04
88.2917023,8.5933e-04
88.2971344,6.8726e-04
88.3111877,8.9667e-04
88.3452835,7.5811e-04
88.3870316,8.2693e-04
88.4571686,8.0816e-04
88.5226898,8.8508e-04
88.5407867,1.1551e-03
88.5433502,1.1562e-03
88.5464478,8.1666e-04
88.6256790,7.7211e-04
88.6572266,8.0058e-04
88.6751251,7.1563e-03
88.7037048,9.3153e-04
88.7201462,1.1609e-03
88.7613678,8.6434e-04
88.7936325,8.3103e-04
88.8085403,1.0935e-03
88.8114548,9.5082e-04
88.8140259,1.1315e-03
88.8407822,8.8031e-04
88.8770065,8.3289e-04
88.9290466,8.5046e-04
88.9314804,1.0320e-03
88.9424744,8.4623e-04
88.9448090,1.2192e-03
88.9672623,7.2958e-04
88.9694061,7.5312e-04
88.9918518,9.6175e-04
89.0062332,1.2497e-03
89.0216446,8.9332e-04
89.0359039,8.4925e-04
89.0516434,7.3070e-04
89.0536575,4.0670e-03
89.0601425,8.9488e-04
89.0727234,6.5354e-03
89.0934448,1.0594e-03
89.1021805,1.2769e-03
89.1142502,9.2451e-04
89.1776123,7.5701e-04
89.2487106,1.1215e-03
89.2583466,8.5183e-04
89.2642822,8.1423e-04
89.2677841,9.2920e-04
89.2810898,1.5295e-03
89.3123932,7.9456e-04
89.3208771,1.0797e-03
89.3278656,8.3369e-04
89.3300934,6.6848e-04
89.3320541,6.7781e-04
89.3340607,8.3616e-04
89.3496170,8.5620e-04
89.4224319,8.1492e-04
89.4492340,7.9614e-04
89.4514542,7.9687e-04
89.4600983,8.7337e-04
89.4622803,7.7155e-04
89.4840698,7.8769e-04
89.4861069,7.8859e-04
89.5346451,9.3994e-04
89.5368347,8.0116e-04
89.5391083,8.8278e-04
89.5442200,5.9738e-03
89.5654144,7.5341e-04
89.5673141,8.3470e-04
89.5693436,7.2215e-04
89.5914993,7.5775e-04
89.5939331,1.0060e-03
89.6019592,7.8537e-04
89.6044388,7.9255e-04
89.6146774,8.8774e-04
89.6303177,9.5646e-04
89.6809006,9.9226e-04
89.7204742,1.0317e-03
89.7486267,7.9326e-04
89.7642670,2.9799e-03
89.7762146,8.8007e-04
89.7838745,8.5946e-04
89.7986298,7.8937e-04
89.8339310,1.1505e-03
89.8975830,8.9456e-04
89.9160919,7.7395e-04
89.9184036,8.5881e-04
89.9205856,7.3685e-04
89.9726257,7.8354e-04
89.9859085,7.7228e-04
90.0128326,9.2721e-04
90.0154266,8.8330e-04
90.0283508,8.8477e-04
90.0460587,8.5477e-04
90.0482254,9.0365e-04
90.0770416,9.6220e-04
90.0946274,7.7229e-04
90.1104050,8.7011e-04
90.1126480,8.2200e-04
90.1146393,7.6180e-04
90.1167831,8.9340e-04
90.1635132,9.4226e-04
90.1749725,9.0629e-04
90.1931305,8.4191e-04
90.2042084,7.9855e-04
90.2166977,8.2656e-04
90.2542496,1.0150e-03
90.2848969,1.1114e-03
90.3162537,7.4876e-04
90.3459167,9.9634e-04
90.3589783,8.8465e-04
90.3993225,2.0297e-03
90.4132843,1.0637e-03
90.4401779,9.4446e-04
90.4610672,8.6211e-04
90.4962311,7.6368e-04
90.5057602,7.5181e-04
90.5210571,7.9060e-04
90.5335922,1.1639e-03
90.5387573,9.7940e-04
90.5583801,1.1496e-03
90.5932236,8.6665e-04
90.6017761,6.7211e-04
90.6044617,1.2479e-03
90.6490936,9.0659e-04
90.6655884,8.7916e-04
90.7020035,9.4689e-04
90.7129822,8.3491e-04
90.7156067,7.8381e-04
90.7176971,7.0724e-04
90.7454605,7.6004e-04
90.7553101,8.8378e-04
90.7576294,7.5749e-04
90.8464508,7.8639e-04
90.8747482,2.6244e-03
90.9033813,7.8389e-04
90.9056473,7.6099e-04
90.9412460,8.2549e-04
90.9764938,1.2441e-02
90.9907608,7.3737e-04
91.0059738,8.2902e-04
91.0683823,8.9682e-04
91.0931473,6.7359e-04
91.1161041,9.7897e-04
91.1246872,8.3640e-04
91.1451187,6.2058e-03
91.1526947,7.5261e-04
91.1635742,1.0058e-03
91.1661758,8.3313e-04
91.1690826,8.1251e-04
91.2017212,1.2984e-03
91.2342529,8.5746e-04
91.3144226,7.3166e-04
91.3264771,7.8996e-04
91.3287506,7.2294e-04
91.3313980,9.0872e-04
91.3362656,7.3858e-04
91.3381958,3.1152e-03
91.3432770,1.1714e-03
91.3456345,4.0464e-03
91.3516998,7.3143e-04
91.3537292,7.0461e-04
91.3560867,8.3001e-04
91.3590546,6.9484e-04
91.3611069,8.2274e-04
91.3632431,9.5395e-04
91.3657074,8.9357e-04
91.3806839,1.0054e-03
91.3871231,8.5771e-04
91.4244232,7.7843e-04
91.4638290,8.1058e-04
91.4659653,1.2978e-03
91.4687424,7.2771e-04
91.4709473,9.4534e-04
91.4965591,7.3370e-04
91.5086365,7.9910e-04
91.5217133,2.5393e-03
91.5286255,7.8558e-04
91.5310516,1.0561e-03
91.5376663,8.5104e-04
91.5499649,8.1650e-04
91.5837555,8.3471e-04
91.5859833,7.2887e-04
91.6027374,1.0723e-03
91.6295547,8.1309e-04
91.6317978,7.9720e-04
91.6380005,1.0292e-03
91.6645508,8.3888e-04
91.6760635,1.5199e-03
91.6790161,8.6867e-04
91.6814423,9.1055e-04
91.6837540,7.2071e-04
91.6889954,8.8168e-04
91.6993408,1.0830e-03
91.7065277,8.7689e-04
91.7678528,9.9040e-04
91.7704849,8.3516e-04
91.7836151,8.5807e-04
91.7908859,1.0833e-03
91.7934647,1.1552e-03
91.7961349,1.1437e-03
91.8211288,4.4129e-03
91.8833160,8.7896e-04
91.9024887,8.6763e-04
91.9048691,9.8735e-04
91.9781952,8.5030e-04
91.9958038,1.5501e-03
92.0174789,9.3891e-04
92.0320587,1.0908e-03
92.0509186,7.8369e-04
92.0530777,7.7708e-04
92.0836105,1.1549e-03
92.0861816,8.6063e-04
92.0889816,8.1341e-04
92.0911484,7.8274e-04
92.0933380,8.1665e-04
92.0954590,9.4237e-04
92.1099014,7.8506e-04
92.1123047,1.1995e-02
92.1343536,9.4444e-04
92.1547928,8.7218e-04
92.1640091,8.1224e-04
92.1956863,1.3966e-03
92.1983490,7.6426e-04
92.2004776,8.5138e-04
92.2026978,8.9541e-04
92.2149582,6.9475e-04
92.2172318,7.6000e-04
92.2192612,7.7355e-04
92.2304840,8.1454e-04
92.2325745,8.3052e-04
92.2468719,8.1763e-04
92.2491760,9.6518e-04
92.2653656,7.5824e-04
92.2675018,7.6706e-04
92.3165588,7.5386e-04
92.3237534,8.4291e-04
92.3457718,9.7549e-04
92.3628845,1.6865e-03
92.3689499,7.4461e-04
92.3901672,7.9356e-04
92.4022369,1.5225e-03
92.4053726,7.8530e-04
92.4338684,1.3344e-03
92.4459839,8.4726e-04
92.4710007,6.7368e-04
92.4849319,8.1138e-04
92.5215988,9.7189e-04
92.5280991,8.4278e-04
92.5464172,7.6984e-04
92.5486298,8.3913e-04
92.6021423,7.8341e-04
92.6043015,8.4868e-04
92.6066284,6.7651e-04
92.6086349,6.9717e-04
92.6105042,7.2883e-04
92.6126709,8.4072e-04
92.6440659,9.1015e-04
92.6577988,7.6019e-04
92.6765289,8.8694e-04
92.6787796,8.0886e-04
92.6808395,7.4615e-04
92.6829071,7.0353e-04
92.6849213,8.2170e-04
92.7176819,7.6651e-04
92.7198563,1.0356e-03
92.7437057,7.8690e-04
92.7528534,8.2888e-04
92.7614822,8.6486e-04
92.7729187,9.0655e-04
92.7850342,1.0843e-03
92.8554840,8.3352e-04
92.8832321,7.1703e-04
92.9162750,1.1449e-03
92.9325104,9.1333e-04
92.9347916,7.6645e-04
92.9474258,7.7577e-04
92.9495697,7.6481e-04
92.9799118,8.1640e-04
92.9932098,7.5770e-04
93.0076294,9.6427e-04
93.0098801,8.5945e-04
93.0209579,5.1501e-03
93.0543518,7.2831e-04
93.0711517,8.5897e-04
93.0858612,7.0631e-04
93.0947266,7.3807e-04
93.1193924,7.0491e-04
93.1493378,9.1039e-04
93.2119446,7.4204e-04
93.2139893,6.8097e-04
93.2782440,7.8548e-04
93.3082809,7.3861e-04
93.3227615,9.8715e-04
93.3407516,9.0462e-04
93.4167175,7.3485e-04
93.4683609,9.8912e-04
93.5188370,8.3194e-04
93.6509781,1.0547e-03
93.6683655,8.5579e-04
93.6707306,7.3910e-04
93.6726913,8.6523e-04
93.7186508,7.7534e-04
93.7620850,8.1044e-04
93.7772369,1.2644e-03
93.7909622,1.0428e-03
93.7934799,7.5723e-04
93.8142929,8.2246e-04
93.8163910,8.2245e-04
93.8666458,1.2384e-03
93.8923264,8.5492e-04
93.9203262,8.6065e-04
93.9310150,8.3550e-04
93.9630737,7.8625e-04
93.9810257,8.2045e-04
93.9934769,8.4686e-04
94.0186691,9.0593e-04
94.0556793,3.3586e-03
94.0727844,8.3005e-04
94.0894318,1.1012e-03
94.1071548,8.3727e-04
94.1469727,1.0360e-03
94.1708069,1.1009e-03
94.2019806,9.4313e-04
94.2328720,7.8631e-04
94.2602997,7.7328e-04
94.2718887,6.8577e-04
94.2857895,1.3059e-03
94.2988052,8.0918e-04
94.3113937,4.9913e-03
94.3196259,8.4968e-04
94.3294983,8.3382e-04
94.3432465,9.1174e-04
94.3549805,8.1950e-04
94.3570709,8.3766e-04
94.3591614,8.2428e-04
94.3653030,9.0136e-04
94.3676224,7.4564e-04
94.3937531,8.1215e-04
94.4140549,8.9434e-04
94.4394150,7.7100e-04
94.4414749,7.6767e-04
94.4570236,7.8481e-04
94.4774704,8.4656e-04
94.4872208,8.2874e-04
94.5044174,8.9133e-04
94.5219879,8.3146e-04
94.5266342,8.2690e-04
94.5358582,9.0610e-04
94.5379868,8.0426e-04
94.5528259,1.0043e-03
94.5555496,8.7454e-04
94.5576477,7.7474e-04
94.5660477,7.4307e-04
94.6022491,1.0554e-03
94.6148911,7.9774e-04
94.6321030,8.3050e-04
94.6477127,1.4612e-03
94.6763077,7.6868e-04
94.6789551,1.0833e-03
94.6813507,1.6124e-02
94.6988907,3.0103e-03
94.7217407,7.3735e-04
94.7238998,8.2772e-04
94.7263336,8.2262e-04
94.7336731,9.8351e-04
94.7361069,8.0296e-04
94.7566910,8.6927e-04
94.7650070,8.4941e-04
94.7888794,8.8511e-04
94.8005371,7.6797e-04
94.8028793,7.4908e-04
94.8082199,7.5919e-04
94.8191528,6.8962e-04
94.8211975,7.1617e-04
94.8231430,1.1508e-03
94.8838272,8.4569e-04
94.8899689,8.0101e-04
94.9244919,6.9757e-04
95.0010376,8.6046e-04
95.0158081,8.6524e-04
95.0179672,8.1769e-04
95.0332718,7.2977e-04
95.1006546,1.0627e-03
95.1403122,1.0039e-03
95.1610947,8.9857e-04
95.1755905,1.0289e-03
95.1988525,8.3915e-04
95.2296677,9.7008e-04
95.2649689,8.3133e-04
95.2775192,7.8243e-04
95.3141022,8.5521e-04
95.3533173,8.6946e-04
95.4372635,8.3736e-04
95.4394455,8.9341e-04
95.4416199,8.5039e-04
95.4692688,9.3124e-04
95.4790878,8.6784e-04
95.4812469,8.8359e-04
95.5090408,8.3470e-04
95.5403900,2.4554e-03
95.5516357,7.2873e-04
95.5536575,9.6630e-04
95.5616531,8.7717e-04
95.5641556,7.3629e-04
95.5663910,7.4359e-04
95.5684662,7.1161e-04
95.5806961,8.3658e-04
95.5827026,8.7293e-04
95.5851593,1.0441e-03
95.6044006,9.8850e-04
95.6145935,9.7692e-04
95.6418991,7.9552e-04
95.6645737,8.0919e-04
95.6810837,1.1444e-03
95.6975555,7.1968e-04
95.7074203,1.1992e-03
95.7099075,7.7774e-04
95.7123718,6.3413e-04
95.7329254,1.0309e-03
95.7488937,1.0324e-03
95.7515030,8.1947e-04
95.7534714,7.4282e-04
95.7915115,7.4150e-04
95.7986069,8.3319e-04
95.8186417,7.4778e-04
95.9129333,8.3898e-04
95.9403152,9.0307e-04
95.9626465,7.5965e-04
95.9748383,7.8754e-04
95.9769287,2.5984e-03
96.0066605,8.4193e-03
96.0324860,8.1978e-04
96.0556641,9.8345e-04
96.0883102,9.3776e-04
96.1176834,9.3102e-04
96.1640854,1.1875e-03
96.1883850,1.1762e-03
96.1910019,9.0726e-04
96.1994247,7.5064e-04
96.2139282,7.4537e-04
96.2160187,6.9198e-04
96.2238541,8.3050e-04
96.2262497,9.5672e-04
96.2286530,7.9681e-04
96.2306595,1.2450e-03
96.2604446,1.0054e-03
96.2627640,1.0659e-03
96.3003693,3.9909e-03
96.3088303,1.3710e-03
96.3548737,8.5525e-04
96.3712387,1.3667e-03
96.3900299,7.6217e-04
96.4103622,9.7592e-04
96.4430084,8.4383e-04
96.4780350,7.6587e-04
96.4803772,8.2075e-04
96.4828644,7.2616e-04
96.4848862,8.3877e-04
96.4871902,7.6509e-04
96.4892273,7.8937e-04
96.5030441,7.1439e-04
96.5118027,7.1364e-04
96.5139008,7.8405e-04
96.5292969,8.1757e-04
96.5314789,8.4273e-04
96.5447083,9.4555e-04
96.5624924,7.9298e-04
96.5806885,8.2933e-04
96.6028137,7.9649e-04
96.6186218,7.9501e-04
96.6327591,7.4359e-04
96.6348038,8.2249e-04
96.6369171,7.6948e-04
96.6391907,8.6183e-04
96.6567383,8.0828e-04
96.6776581,8.3287e-04
96.6956711,9.8939e-04
96.7359848,7.2142e-04
96.7571564,7.4468e-04
96.7828979,8.5742e-04
96.7850113,7.6423e-04
96.7871246,8.1090e-04
96.7892761,7.9075e-04
96.7941437,7.6219e-04
96.7961578,8.6176e-04
96.7982635,8.7455e-03
96.8085785,8.3041e-04
96.8256607,1.5877e-03
96.8515167,8.5008e-04
96.8701248,6.8990e-04
96.9612122,8.8076e-04
96.9635239,7.2631e-04
96.9739456,7.7428e-04
96.9848938,1.2128e-03
97.0074921,8.1935e-04
97.0097504,7.3922e-04
97.0117188,8.6797e-04
97.0229034,9.6268e-04
97.0362549,7.9678e-03
97.0463028,8.0788e-04
97.0962448,7.4702e-04
97.1134796,7.6578e-04
97.1420746,8.0845e-04
97.1528931,1.4173e-03
97.1636200,7.2208e-04
97.1752548,7.7632e-04
97.2404709,8.1993e-04
97.2831955,1.1020e-03
97.3024063,9.2940e-04
97.3215561,1.1577e-03
97.3444672,8.8680e-04
97.3576050,8.3595e-04
97.4268341,7.6374e-04
97.4456863,9.3315e-04
97.4479599,7.4138e-04
97.4500732,7.8913e-04
97.4522705,8.2988e-04
97.4545517,9.7777e-04
97.4615860,9.9100e-04
97.4734039,9.1321e-04
97.5004578,8.1579e-04
97.5032425,8.2647e-04
97.5054626,3.1096e-03
97.5099106,1.0086e-03
97.5122452,9.0301e-04
97.5367203,1.0677e-03
97.5448532,8.3681e-04
97.5600510,1.2695e-03
97.5628586,7.3001e-04
97.5648117,7.9954e-04
97.5671921,8.5112e-04
97.5693512,7.7131e-04
97.5715866,8.2976e-04
97.5736923,8.1673e-04
97.5759201,8.1204e-04
97.5779572,7.9673e-04
97.5800400,9.6634e-04
97.5821915,9.0830e-04
97.6001358,1.0610e-03
97.6026840,1.0805e-03
97.6049652,7.6902e-04
97.6068649,8.0770e-04
97.6660385,1.0197e-03
97.6839676,1.1338e-03
97.6885529,8.7288e-04
97.7260056,1.0510e-03
97.7658539,7.6631e-04
97.7682571,7.2281e-04
97.7847519,7.1140e-04
97.8006973,1.1293e-02
97.8135681,1.1556e-03
97.8165283,8.0149e-04
97.8187103,8.0873e-04
97.8456955,7.4354e-04
97.8630981,1.0990e-03
97.8791580,7.8406e-04
97.9029312,8.8442e-04
97.9326706,9.0628e-04
97.9652634,8.3396e-04
97.9751740,7.3688e-04
98.0333786,9.1242e-04
98.0465546,4.9560e-03
98.0594559,8.6655e-04
98.0701599,1.0411e-03
98.0726700,9.6609e-04
98.0831146,8.0427e-04
98.1119080,9.3449e-04
98.1233292,7.6415e-04
98.1461411,6.9278e-03
98.1696701,7.6364e-04
98.1717529,1.1146e-03
98.2139053,8.5178e-04
98.2367859,6.9956e-04
98.2527618,8.3749e-04
98.2706909,9.2937e-04
98.3082047,6.8616e-04
98.3827820,8.7780e-04
98.4048691,8.4824e-04
98.4159241,7.5233e-04
98.4308929,1.0229e-03
98.4569473,1.8978e-02
98.5015182,7.1259e-04
98.5099945,9.7815e-04
98.5124435,7.1495e-04
98.5766602,8.2766e-04
98.6105270,9.9659e-04
98.6246872,8.4351e-04
98.6379013,7.5406e-04
98.6401443,1.0391e-03
98.6592636,8.8740e-04
98.6614990,6.9617e-04
98.6993637,7.1799e-04
98.7024231,1.6260e-03
98.7305984,9.2268e-04
98.7330704,1.2170e-03
98.7636642,9.3130e-04
98.7944641,8.9154e-04
98.8204727,9.5360e-04
98.8427582,1.0847e-03
98.8458862,7.6697e-04
98.8554459,6.9147e-04
98.8732986,8.5261e-04
98.8975754,8.4678e-04
98.9059830,7.4761e-04
98.9081421,1.1122e-03
98.9104919,7.1795e-04
98.9206772,6.7783e-04
98.9511795,7.3390e-04
98.9976730,7.8014e-04
99.0010757,9.3494e-04
99.0234756,8.1503e-04
99.0569839,9.3267e-04
99.0731812,8.7549e-04
99.0755081,9.5081e-04
99.0900269,7.3779e-04
99.0920944,7.0840e-04
99.0945587,8.3830e-04
99.0969620,9.6792e-04
99.0991211,7.7445e-04
99.1014023,9.4670e-04
99.1037445,8.8724e-04
99.1061478,7.7090e-04
99.1095428,7.2699e-04
99.1145401,1.0258e-03
99.1247787,9.2838e-04
99.1483612,8.3744e-03
99.1744080,9.5377e-04
99.1867752,9.8406e-04
99.1977615,6.8171e-04
99.2200089,9.5103e-04
99.2221909,8.1820e-04
99.2242508,9.3779e-04
99.2266159,1.0027e-03
99.2293472,7.0512e-04
99.2327194,4.1866e-03
99.2433929,8.2137e-04
99.2455673,1.0052e-03
99.2598953,9.0853e-04
99.2624512,9.1102e-04
99.3051376,8.0612e-04
99.3307190,7.1032e-04
99.3328171,7.3702e-04
99.3347702,8.5571e-04
99.3370895,7.7331e-04
99.3551865,8.1841e-04
99.3809280,8.8184e-04
99.3931961,8.4070e-04
99.4078293,1.2007e-03
99.4186783,7.2719e-04
99.4209518,7.2179e-04
99.4250793,7.5987e-04
99.4271317,8.7173e-04
99.4296036,7.1384e-04
99.4514236,7.0066e-04
99.4660568,7.7259e-04
99.4681778,8.1116e-04
99.4708481,8.1395e-04
99.4800339,9.3864e-04
99.4968796,9.1846e-04
99.4991760,7.7582e-04
99.5011902,7.3290e-04
99.5100250,7.6636e-04
99.5241776,1.0022e-03
99.5267944,7.1215e-04
99.5288010,6.8273e-04
99.5309448,7.1304e-04
99.5390854,6.3192e-04
99.5558167,7.7451e-04
99.5579987,6.9514e-04
99.5602493,7.2813e-04
99.5730362,9.8044e-04
99.5753098,7.2561e-04
99.6673889,7.3468e-04
99.6696777,9.2882e-04
99.6723480,7.9717e-04
99.7080917,7.6222e-04
99.7100830,8.2733e-04
99.7122955,7.9917e-04
99.7144699,8.4083e-04
99.7170410,7.1169e-04
99.7193375,7.1015e-04
99.7212830,7.1196e-04
99.7233582,7.1431e-04
99.7330322,6.8659e-04
99.7459793,8.4835e-04
99.7483749,1.0494e-03
99.7647629,9.4523e-04
99.7849274,7.9219e-04
99.7870560,8.9777e-04
99.7895050,9.4819e-04
99.7921143,6.8560e-04
99.8172760,8.9975e-04
99.8427277,8.8991e-04
99.8562698,9.4390e-04
99.9144897,9.5129e-04
99.9217453,1.5988e-03
99.9247131,1.0147e-03
99.9298706,1.6887e-03
99.9331055,8.3193e-04
99.9353180,1.0505e-03
99.9426956,9.5544e-04
99.9454803,9.2038e-04
99.9762192,8.0386e-04
99.9940033,7.4297e-04
100.0106735,1.4353e-03
100.0347061,7.0649e-04
100.0476456,1.7583e-03
100.0573730,8.1834e-04
100.0719833,8.5134e-04
100.0839844,9.5263e-03
100.1119461,9.5617e-04
100.1722336,8.2360e-04
100.1847687,7.7963e-04
100.2045746,8.2461e-04
100.2211533,1.1605e-03
100.2359161,8.5326e-04
100.2432632,6.7638e-04
100.2451477,2.6986e-03
100.2605209,8.2540e-04
100.3470306,7.9867e-04
100.3603821,7.5025e-04
100.3836746,8.1426e-04
100.3859406,7.4244e-04
100.3879623,8.4328e-04
100.4029694,8.0352e-04
100.4163742,1.3895e-03
100.5272293,7.5041e-04
100.5292435,1.3841e-03
100.5564651,7.3501e-04
100.5727844,8.3879e-04
100.5749969,1.2658e-03
100.6036758,9.0120e-04
100.6475754,7.5902e-04
100.6498337,7.9879e-04
100.6751404,7.3464e-04
100.7163620,7.3306e-04
100.7299347,9.3068e-04
100.7432404,7.4974e-04
100.7581100,8.4116e-04
100.7708435,8.2637e-04
100.7731934,7.6867e-04
100.7826843,8.0553e-04
100.7958450,8.9724e-04
100.7981186,8.1610e-04
100.8130493,1.6354e-03
100.8162842,8.3276e-04
100.8291550,8.5200e-04
100.8650970,7.9073e-04
100.8921432,7.3372e-04
100.9278488,1.1798e-03
100.9675903,9.3137e-04
100.9699707,8.6829e-04
101.0009766,7.4885e-04
101.0125580,8.0979e-04
101.0708923,1.1188e-03
101.1518250,8.5665e-04
101.1725159,8.4499e-04
101.2401047,8.5153e-04
101.2580490,7.2988e-04
101.2889557,7.5630e-04
101.2912827,8.0256e-04
101.3177567,1.0151e-03
101.3202515,8.7239e-04
101.3226776,8.3564e-04
101.3410492,7.5820e-04
101.3571701,7.9075e-04
101.3684006,8.0546e-04
101.3705368,8.3363e-04
101.3977814,8.9111e-04
101.4155579,7.8868e-04
101.4274521,9.4503e-04
101.4298401,6.6104e-04
101.4317322,9.1957e-04
101.4342804,8.9507e-04
101.4364319,1.8966e-03
101.4521637,7.6951e-04
101.4692459,7.6095e-04
101.4801483,7.5584e-04
101.4823074,7.5266e-04
101.4842300,8.7876e-04
101.4866486,7.3588e-04
101.4886398,1.3018e-03
101.4915009,8.3097e-04
101.5039902,6.9383e-04
101.5530243,8.2200e-04
101.5755386,8.3143e-04
101.5842743,8.3359e-04
101.6056213,8.6541e-04
101.6232300,7.9850e-04
101.6369324,8.8504e-04
101.6392288,7.5913e-04
101.6673431,9.6753e-04
101.6972046,8.9719e-04
101.7100601,9.2541e-04
101.7210464,9.8813e-04
101.7453308,8.9170e-04
101.7531052,9.0168e-04
101.7635727,7.2351e-04
101.7654572,9.2780e-04
101.7771072,7.2815e-04
101.7791214,8.8596e-04
101.7919617,1.1022e-03
101.8061218,8.4433e-04
101.8179321,7.2462e-04
101.8200607,8.2414e-04
101.8312759,7.6823e-04
101.8334656,6.9228e-04
101.8438110,8.6887e-04
101.8532867,8.5893e-04
101.8614349,8.4407e-04
101.8732376,7.4827e-04
101.8817978,7.4605e-04
101.8942108,7.0776e-04
101.8963776,7.4582e-04
101.9095078,8.5795e-04
101.9118729,7.9440e-04
101.9302444,7.5895e-04
101.9493103,7.6761e-04
101.9646378,6.4581e-04
101.9933548,8.4929e-03
102.0133362,7.9871e-04
102.0325928,7.2760e-04
102.0514221,9.6791e-04
102.0847092,7.5424e-04
102.0994339,7.6241e-04
102.1406021,7.5453e-04
102.1758957,7.5150e-04
102.1949844,7.5844e-04
102.1969910,8.7487e-04
102.2059860,8.3144e-04
102.2350388,7.4077e-04
102.2371216,8.3138e-04
102.2547531,9.0546e-04
102.2569885,7.7533e-04
102.2717209,8.3019e-04
102.2867050,1.3960e-03
102.2980804,8.0467e-04
102.3001251,7.7757e-04
102.3640823,7.7276e-04
102.4042969,8.0810e-04
102.4198608,6.9115e-04
102.4217529,7.0246e-04
102.4569168,7.9076e-04
102.4670639,8.0258e-04
102.5046387,7.4821e-04
102.5176010,7.2199e-04
102.5455627,8.2562e-04
102.5604935,8.1895e-04
102.6099167,8.7141e-04
102.6121368,8.0710e-04
102.6719818,9.1105e-04
102.7099457,8.2733e-04
102.7177963,8.5451e-04
102.7200470,8.4643e-04
102.7223282,8.0370e-04
102.7245178,7.8683e-04
102.7380905,1.1032e-03
102.7609634,9.5187e-04
102.7740021,7.6320e-04
102.7761536,8.1524e-04
102.7908554,7.9956e-04
102.7928314,1.0017e-03
102.8308563,8.4277e-04
102.9088135,8.1244e-04
102.9464798,7.3688e-04
102.9484787,7.3907e-04
102.9506302,9.6088e-04
102.9687424,9.0372e-04
103.0283127,8.5805e-04
103.0506897,9.2554e-04
103.0725555,7.5590e-04
103.1282730,8.7226e-04
103.1310501,8.0085e-04
103.1433792,8.2445e-04
103.1454849,8.3463e-04
103.1693802,7.6443e-04
103.1942215,5.0752e-03
103.2006683,9.4754e-04
103.2031021,7.8744e-04
103.2051086,8.0749e-04
103.2078094,7.8545e-04
103.2272949,7.6991e-04
103.2421570,7.9099e-04
103.2555161,8.2606e-04
103.2576675,7.3530e-04
103.2706223,8.0195e-04
103.2904587,8.2231e-04
103.3153381,7.6924e-04
103.3377533,7.4126e-04
103.3491364,7.5736e-04
103.3511963,8.0549e-04
103.3689804,8.0414e-04
103.4028473,7.4927e-04
103.4350281,7.3359e-04
103.4712601,8.4358e-04
103.4903488,7.7035e-04
103.5001068,9.3265e-04
103.5286636,7.5232e-04
103.5597916,7.7705e-04
103.5841904,8.3531e-04
103.5864410,8.9169e-04
103.5950775,8.1116e-04
103.6097031,7.6618e-04
103.6119614,8.0750e-04
103.6747665,2.5753e-03
103.6787109,7.7053e-04
103.7027359,6.7243e-04
103.7148819,7.8796e-04
103.7172165,7.3406e-04
103.7192383,7.6912e-04
103.7216187,7.8814e-04
103.7248306,9.0144e-04
103.7329559,8.1400e-04
103.7424316,7.0660e-04
103.7518158,9.5914e-04
103.7626114,8.5604e-04
103.7807846,8.3656e-04
103.7974930,9.9859e-04
103.8167648,8.5516e-04
103.8355408,8.2413e-04
103.8527603,9.2643e-04
103.8723755,7.8680e-04
103.8876114,8.3730e-04
103.8983994,7.4874e-04
103.9157333,7.4162e-04
103.9247589,7.6690e-04
103.9383621,7.0737e-04
103.9513168,1.5116e-03
103.9614563,9.4022e-04
103.9793701,7.3848e-04
104.0080490,1.5602e-03
104.0251694,8.0431e-04
104.0275955,1.0138e-03
104.0417252,9.7291e-04
104.0575867,8.4063e-04
104.0691986,8.3780e-04
104.0821762,7.4699e-04
104.0958328,8.2353e-04
104.1050339,7.5406e-04
104.1181488,8.1911e-04
104.1313553,9.7863e-04
104.1483765,9.3843e-04
104.1641541,9.4461e-04
104.1898727,8.9444e-04
104.1988373,7.7315e-04
104.2095642,7.5161e-04
104.2198715,8.1595e-04
104.2361984,8.0354e-04
104.2545700,7.1529e-04
104.2682495,7.0907e-04
104.2832718,7.2272e-04
104.2943802,7.6789e-04
104.3083267,1.2979e-03
104.3297577,1.0523e-03
104.3580170,8.4300e-04
104.3660583,7.7179e-04
104.3897934,1.1641e-03
104.3927231,7.2676e-04
104.4070587,8.4589e-04
104.4092102,8.2263e-04
104.4113083,7.2679e-04
104.4273682,7.9427e-04
104.4449463,7.8730e-04
104.4470367,8.0241e-04
104.4648209,7.4690e-04
104.5269547,7.9993e-04
104.5365601,6.9934e-04
104.5536041,8.2234e-04
104.5862122,7.2369e-04
104.6052475,7.7134e-04
104.6213913,7.5815e-04
104.6418457,7.5612e-04
104.6681595,8.1094e-04
104.6939240,7.7364e-04
104.7082520,8.8334e-04
104.7108154,8.3286e-04
104.7337189,8.3510e-04
104.7607193,7.5564e-04
104.8057327,7.2806e-04
104.8079453,8.7307e-03
104.8181534,1.0181e-03
104.8277206,8.3388e-04
104.8691864,7.5255e-04
104.8861008,9.1712e-04
104.8882675,6.9052e-04
104.8978271,7.6999e-04
104.9140472,1.0324e-03
104.9398117,7.5906e-04
104.9451141,6.8802e-04
104.9673996,6.6648e-04
104.9834137,5.5054e-03
104.9904785,6.9972e-04
104.9923935,9.5850e-04
105.0111618,7.9630e-04
105.0338058,7.2555e-04
105.0556259,8.1390e-04
105.0578003,8.0698e-04
105.0775223,7.9205e-04
105.0918808,7.2964e-04
105.1096420,8.3035e-04
105.1261139,8.8397e-04
105.1342926,8.0835e-04
105.1365662,7.0520e-04
105.1385193,7.9542e-04
105.1494675,8.6670e-04
105.1515656,7.7090e-04
105.1538239,6.8326e-04
105.1698761,8.6356e-04
105.1722946,8.3936e-04
105.1958466,8.0889e-04
105.2160950,8.4436e-04
105.2512970,7.9724e-04
105.2531967,7.6524e-04
105.2552338,7.4971e-04
105.2795334,8.9843e-04
105.2820206,8.0814e-04
105.2911453,6.5450e-04
105.2931137,7.4291e-04
105.2950897,8.2891e-04
105.3220673,8.9722e-04
105.3243408,7.2218e-04
105.3263931,7.1321e-04
105.3777466,7.4630e-04
105.3824844,8.3356e-04
105.4008331,8.8970e-04
105.4030609,7.6254e-04
105.4050674,7.1471e-04
105.4070892,6.4260e-04
105.4204788,1.0994e-03
105.4228973,8.1850e-04
105.4302444,9.1430e-04
105.4328079,7.0172e-04
105.4349976,7.1003e-04
105.4474258,1.1009e-03
105.4498291,6.4105e-04
105.4518509,7.4966e-04
105.4879303,7.9240e-04
105.5047226,1.1785e-03
105.5079422,7.1317e-04
105.5119400,8.2330e-04
105.5217056,1.0330e-03
105.5388260,8.7311e-04
105.5411148,6.8176e-04
105.5432205,8.1797e-04
105.5464401,8.4949e-04
105.5566406,8.5949e-04
105.5723343,9.1894e-04
105.5870743,7.8558e-04
105.5920868,8.1962e-04
105.6263580,6.9930e-04
105.6284943,7.8912e-04
105.7042465,8.8674e-04
105.7064362,6.9490e-04
105.7165680,7.8959e-04
105.7227783,9.3387e-04
105.7527390,8.2622e-04
105.7786636,1.5835e-03
105.7902908,8.5542e-04
105.7924576,8.2415e-04
105.7991638,8.1104e-04
105.8331070,9.2716e-04
105.8561478,1.0450e-03
105.8671036,8.8082e-04
105.8930893,1.0234e-03
105.9818954,8.6114e-04
106.0034027,9.0770e-04
106.0505524,1.0951e-03
106.0531464,7.9925e-04
106.0673752,7.8555e-04
106.0744171,7.3566e-04
106.1085587,9.1169e-04
106.1659470,9.4678e-04
106.1804886,9.3556e-04
106.1829300,7.9733e-04
106.2080154,7.0116e-04
106.2171707,7.9067e-04
106.2301865,1.0142e-03
106.2325974,8.6300e-04
106.2488861,8.8400e-04
106.2880783,1.0924e-03
106.2913284,9.9615e-04
106.3257980,8.6591e-04
106.3278809,8.6336e-04
106.3299408,7.2806e-04
106.3320770,9.2634e-04
106.3437729,1.0544e-03
106.3794708,7.6453e-04
106.3928680,8.4932e-04
106.4044037,7.6961e-04
106.4097443,2.7376e-03
106.4562531,8.0597e-04
106.5009460,7.6853e-04
106.5168915,9.4125e-04
106.5662231,9.6320e-04
106.5717621,7.5900e-04
106.5861588,7.2565e-04
106.5882645,7.0905e-04
106.6047211,6.9248e-04
106.6519165,1.2551e-03
106.6812820,1.2154e-03
106.7053909,9.7452e-04
106.7079697,9.5628e-04
106.7117538,8.7266e-04
106.7354660,7.5321e-04
106.7373962,6.3453e-04
106.7569656,2.5838e-02
106.8097610,7.9686e-04
106.8246460,9.6542e-04
106.9637299,6.9709e-04
107.0509109,8.5897e-04
107.0681992,8.1967e-04
107.0703812,7.7859e-04
107.0793228,7.5104e-04
107.0814972,8.1625e-04
107.0835648,8.6453e-04
107.0858688,9.0341e-04
107.0883331,7.8485e-04
107.0910568,6.9383e-04
107.0929260,7.0026e-04
107.0951080,8.5042e-04
107.0973892,7.7709e-04
107.0995560,8.1794e-04
107.1015472,8.3215e-04
107.1099243,8.5556e-04
107.1143036,8.2734e-04
107.1167221,7.7885e-04
107.1188354,7.8437e-04
107.1218796,8.6337e-04
107.1316833,6.9128e-04
107.1337891,7.9354e-04
107.1455688,1.2872e-02
107.1602859,9.2897e-04
107.1628189,9.6257e-04
107.1654968,7.9735e-04
107.1675186,7.1309e-04
107.1861496,8.5090e-04
107.1882324,7.2161e-04
107.1903992,7.2436e-04
107.1925964,7.3981e-04
107.2123032,6.9679e-04
107.2142181,7.5855e-04
107.2268524,7.5093e-04
107.2616806,7.2890e-04
107.3876343,7.9065e-04
107.3898773,7.4941e-04
107.4071198,4.2440e-03
107.4145050,6.5121e-04
107.4165649,9.1648e-04
107.4473801,8.7134e-04
107.4496765,7.0002e-04
107.4695358,8.4101e-04
107.4715958,8.0068e-04
107.4735641,6.5402e-04
107.4753571,6.4208e-04
107.4772263,8.1362e-04
107.4792252,8.2231e-04
107.5303345,8.5234e-04
107.5326767,6.9637e-04
107.5346680,8.3816e-04
107.5368652,7.7375e-04
107.5390091,8.2865e-04
107.5507050,8.6953e-04
107.5528488,1.0525e-03
107.5552444,7.7469e-04
107.5575027,8.0105e-04
107.5597763,7.0530e-04
107.5737762,7.4833e-04
107.5999298,7.3689e-04
107.6193695,7.2042e-04
107.6411514,7.4381e-04
107.6503906,7.8238e-04
107.6530609,8.4858e-03
107.6630859,8.4965e-04
107.6655731,7.8688e-04
107.6863480,8.2356e-04
107.7408524,7.8297e-04
107.7432861,6.3641e-04
107.7513123,9.0533e-04
107.7539062,8.2386e-04
107.8132477,7.6002e-04
107.8154449,8.0167e-04
107.8237000,7.6702e-04
107.8486633,7.9785e-04
107.8508148,7.8480e-04
107.8529587,7.6075e-04
107.8776779,7.5475e-04
107.8929977,7.6121e-04
107.9029541,8.2538e-04
107.9050980,7.6282e-04
107.9154816,8.8430e-04
107.9613190,1.4749e-03
107.9640884,9.5949e-04
107.9853439,7.5026e-04
107.9891205,1.0951e-03
107.9936829,8.0237e-04
108.0045090,9.4719e-04
108.0884323,7.4241e-04
108.1084747,9.3963e-04
108.1106796,8.1652e-04
108.1604233,7.5126e-04
108.1767120,7.7608e-04
108.1787109,7.4954e-04
108.1808472,9.3713e-04
108.1908875,8.7678e-04
108.1931000,8.3515e-04
108.2088699,8.2909e-04
108.2232361,1.0538e-03
108.2876129,8.1643e-04
108.3394241,7.9615e-04
108.3474960,9.2451e-04
108.3496475,7.5005e-04
108.3687820,8.3351e-04
108.3874741,9.0966e-04
108.4018250,1.1010e-03
108.4179840,7.7753e-04
108.4201126,8.7305e-04
108.4223328,8.1123e-04
108.4245758,7.1361e-04
108.4346542,7.6384e-04
108.4437103,7.0347e-04
108.4457474,1.0733e-03
108.4480896,7.6617e-04
108.4657135,7.4214e-04
108.4778442,8.0253e-04
108.4886932,7.9204e-04
108.5006714,8.4034e-04
108.5305557,4.2831e-03
108.5564041,9.0834e-04
108.5750656,1.0079e-03
108.5942307,1.0187e-03
108.6054993,1.0797e-03
108.6203079,7.3447e-04
108.6222763,8.3814e-04
108.6385269,9.2329e-04
108.6503067,7.0411e-04
108.6776733,7.9555e-04
108.7123871,8.5438e-04
108.7146301,9.8553e-04
108.7319641,1.0106e-03
108.7451096,8.3002e-04
108.7595901,1.0737e-03
108.7620392,1.0714e-03
108.7769318,9.0106e-04
108.7915268,8.1764e-04
108.8120270,8.3042e-04
108.8404007,7.2172e-04
108.8776932,9.5050e-04
108.8927689,8.0092e-04
108.9033966,8.8463e-04
108.9058762,7.9049e-04
108.9081879,7.4574e-04
108.9371948,3.8417e-03
108.9425354,8.8995e-04
108.9634094,7.5392e-04
108.9781723,1.3169e-03
108.9807587,8.9675e-04
109.0340729,8.2540e-04
109.0497208,8.6487e-04
109.0519104,9.1069e-04
109.0706177,8.3876e-04
109.0727768,8.2648e-04
109.0863495,8.2176e-04
109.0883560,8.1558e-04
109.1134186,7.1181e-04
109.1288834,7.9670e-04
109.1519547,7.9195e-04
109.1653595,7.7098e-04
109.1674042,8.7465e-04
109.1695099,6.8506e-04
109.1829987,7.3088e-04
109.1929092,8.7863e-04
109.2207794,7.1218e-04
109.2229919,9.4817e-04
109.2251358,7.7319e-04
109.2373581,1.1740e-03
109.2744293,8.4906e-04
109.2895126,8.8624e-04
109.3204269,4.5132e-03
109.3399582,7.2508e-04
109.3419647,7.0975e-04
109.3872299,8.1102e-04
109.4230957,6.7685e-04
109.4663620,9.4721e-04
109.4720459,8.1262e-04
109.4814606,8.9652e-04
109.5043869,7.5706e-04
109.5593796,8.4863e-04
109.5791626,8.0797e-04
109.5942078,8.9751e-04
109.6147003,8.5286e-04
109.6420517,7.9835e-04
109.6632690,7.4601e-04
109.6847382,1.1373e-03
109.7021255,1.1696e-03
109.7234573,7.0144e-04
109.7557144,1.0876e-02
109.7785950,1.4204e-03
109.7814255,7.0286e-04
109.7834930,7.5069e-04
109.7942657,8.3648e-04
109.8079681,8.0394e-04
109.8503036,9.0326e-04
109.9310532,1.2245e-03
109.9339294,1.2239e-03
109.9369278,7.3683e-04
109.9390259,9.4021e-04
109.9411087,8.6924e-04
109.9677277,7.9336e-04
109.9702301,1.3429e-03
109.9981155,1.0057e-03
110.0019989,8.1090e-04
110.0502090,9.0902e-04
110.0694809,7.5117e-04
110.0850983,1.0291e-03
110.0876541,8.2425e-04
110.0899048,7.5750e-04
110.0918274,8.0023e-04
110.1278076,7.4070e-04
110.1369934,8.0910e-04
110.1644363,8.4150e-04
110.1794662,7.9564e-04
110.1979218,8.6196e-04
110.2106857,8.3369e-04
110.2131348,8.5271e-04
110.2154922,7.6212e-04
110.2175674,8.4317e-04
110.2732849,7.7381e-04
110.2754288,9.5349e-04
110.2830658,9.2071e-04
110.3126373,9.2203e-04
110.3290329,9.0839e-04
110.3741837,7.8697e-04
110.4179764,9.3806e-04
110.4667130,8.4152e-04
110.4842758,9.5661e-04
110.4865417,8.1107e-04
110.4997864,9.0011e-04
110.5185852,7.7704e-04
110.5268250,7.6533e-04
110.5419388,1.1361e-03
110.5512924,8.8067e-04
110.5584564,1.0127e-03
110.5607452,7.2473e-04
110.5626831,7.0492e-04
110.5902252,7.7981e-04
110.6034698,8.2690e-04
110.6207733,7.0402e-04
110.6406784,1.1005e-03
110.6558685,7.9725e-04
110.6805496,7.9501e-04
110.6942520,8.7411e-04
110.7252884,8.7614e-04
110.7501984,7.6503e-04
110.7670288,7.1243e-04
110.7884903,7.2512e-04
110.8003082,8.4793e-04
110.8610001,9.4370e-04
110.8804398,8.8459e-04
110.8830338,1.2076e-03
110.8886719,9.8605e-04
110.9134140,9.0200e-04
110.9157181,7.2049e-04
110.9385223,2.8472e-03
111.0106277,8.0279e-04
111.0290375,8.6501e-04
111.0464706,1.0029e-03
111.0619659,7.2079e-04
111.0756454,7.4217e-04
111.1057663,7.8498e-04
111.1510086,1.2448e-03
111.1537094,1.1417e-03
111.1719131,8.2432e-04
111.1740341,7.8670e-04
111.1859055,9.9682e-04
111.1884079,9.7941e-04
111.2088165,8.1834e-04
111.2139359,7.6426e-04
111.2290115,8.9562e-04
111.2489853,8.8472e-04
111.2752228,1.2798e-03
111.3124161,8.6010e-04
111.3146820,7.9722e-04
111.3166733,6.5632e-04
111.3185577,7.1884e-04
111.3606567,8.0576e-04
111.3800888,1.9448e-03
111.3835831,9.6119e-04
111.3861084,8.3080e-04
111.3882675,7.4557e-04
111.3902435,7.9716e-04
111.3923492,8.7694e-04
111.4152832,7.7991e-04
111.5035248,8.1718e-04
111.5110168,1.0182e-03
111.5413284,8.1209e-04
111.5591660,8.7762e-04
111.5612793,7.6303e-04
111.5635223,8.5048e-04
111.5656509,7.5328e-04
111.6161194,6.6621e-04
111.6181793,7.8097e-04
111.6355209,7.2979e-04
111.6374969,5.7843e-03
111.6448212,8.2730e-04
111.6588440,9.8737e-04
111.6923294,7.2350e-04
111.7069244,7.0226e-04
111.7333984,7.8677e-04
111.7698288,8.3162e-04
111.7956238,9.0640e-04
111.8839340,9.0376e-04
111.9309616,7.9267e-04
111.9330139,8.1055e-04
111.9524765,7.8526e-04
111.9863281,8.7727e-04
112.0074081,9.5390e-04
112.0147781,8.7510e-04
112.0169525,9.2252e-04
112.0193710,8.5569e-04
112.0214691,7.2300e-04
112.0234680,8.0922e-04
112.0529327,7.3967e-04
112.0675430,7.5211e-04
112.0924377,9.2506e-04
112.0948868,8.7949e-04
112.0971603,1.1265e-03
112.0998840,8.9392e-04
112.1123810,7.9430e-04
112.1145477,1.0458e-03
112.1169510,8.1119e-04
112.1190720,7.8308e-04
112.1211700,9.3543e-04
112.1239777,1.1429e-03
112.1268616,8.6301e-04
112.1289902,8.6683e-04
112.1464539,8.8778e-04
112.1674042,7.0648e-04
112.2142181,8.3646e-04
112.2376785,8.3118e-04
112.2727814,8.2991e-04
112.3135147,9.0209e-04
112.3318481,9.1251e-04
112.3462372,8.1398e-04
112.3654938,9.6556e-04
112.3993835,1.2297e-03
112.4232635,7.3678e-04
112.4619751,8.5767e-04
112.4815521,7.7025e-04
112.5008774,1.0134e-03
112.5724564,6.9670e-04
112.5744095,8.1975e-04
112.5935669,9.4296e-04
112.5960312,9.8585e-04
112.5987701,8.0507e-04
112.6010513,7.5551e-04
112.6221161,1.2935e-03
112.6343613,1.0337e-03
112.6703796,8.7346e-04
112.6736526,8.0594e-04
112.6756973,9.1400e-04
112.6858444,8.8050e-04
112.7035065,7.7456e-04
112.7169571,7.2255e-04
112.7188721,7.3964e-04
112.7433090,9.3711e-04
112.7618027,7.0781e-04
112.7832336,8.7613e-04
112.7963943,8.6298e-04
112.8066940,8.9885e-04
112.8229828,8.2376e-04
112.8367996,7.5051e-04
112.8539810,9.6438e-04
112.8829422,9.5616e-04
112.8858032,7.8655e-04
112.9027176,8.0007e-04
112.9166412,7.7086e-04
112.9482651,6.8688e-04
112.9504776,8.4600e-04
112.9527969,1.0108e-03
112.9554520,9.2642e-04
112.9686813,2.7721e-03
112.9728088,7.8275e-04
112.9892273,8.3546e-04
112.9962540,8.6691e-04
113.0113602,8.2400e-04
113.0137482,8.1908e-04
113.0979156,9.0992e-04
113.1129379,1.0944e-03
113.1453247,8.0900e-04
113.1638031,7.6663e-04
113.1658325,7.5556e-04
113.1811829,9.3363e-04
113.2019501,7.0284e-04
113.2481842,9.2936e-04
113.2613068,7.8344e-04
113.2636566,7.8097e-04
113.2690582,6.5705e-04
113.2789459,7.5667e-04
113.2927628,9.1405e-04
113.3035583,8.9660e-04
113.3237991,7.8388e-04
113.3468704,7.7363e-04
113.3692093,8.0661e-04
113.3817291,7.9328e-04
113.3966064,7.4887e-04
113.3988419,8.1071e-04
113.4144287,1.1871e-02
113.4401932,7.6179e-04
113.4716110,7.4758e-04
113.4903641,1.0585e-03
113.4930038,8.2046e-04
113.5151672,7.8722e-04
113.5263596,8.3347e-04
113.5284653,8.7817e-04
113.5516205,9.4300e-04
113.5542984,7.4156e-04
113.5663300,8.4150e-04
113.5685806,7.7561e-04
113.6069717,8.1328e-04
113.6090164,9.5461e-04
113.6158752,8.0307e-04
113.6180649,7.7705e-04
113.6201477,8.9005e-04
113.6222382,7.0786e-04
113.6399765,5.4760e-03
113.6710587,9.0327e-04
113.7023392,7.8875e-04
113.7174149,7.5080e-04
113.7338715,7.8051e-04
113.7520981,8.8413e-04
113.7543945,8.2428e-04
113.7566605,9.0466e-04
113.7738342,7.5153e-04
113.7759705,8.3029e-04
113.7782440,8.4735e-04
113.7926254,8.0570e-04
113.8029251,8.5558e-04
113.8051682,7.8107e-04
113.8164291,7.5037e-04
113.8567123,8.8477e-04
113.8658829,7.7009e-04
113.8895645,7.7886e-04
113.9054108,6.0758e-03
113.9235611,1.0925e-03
113.9370270,7.7973e-04
113.9568024,8.7990e-04
113.9978256,7.4609e-04
113.9997711,7.6219e-03
114.0310593,6.9019e-04
114.0332260,7.8654e-04
114.0356750,8.8603e-04
114.0379791,7.6166e-04
114.0401001,1.0200e-03
114.0740433,9.3030e-04
114.1443253,7.5508e-04
114.1584015,6.3096e-03
114.1724777,9.7356e-04
114.1842270,8.0909e-04
114.1889191,7.5845e-04
114.2321243,8.1307e-04
114.2440186,7.0486e-04
114.2838287,1.0668e-03
114.2975998,7.1798e-04
114.2996597,9.5208e-04
114.3020401,7.9131e-04
114.3045578,8.5146e-04
114.3067856,8.5329e-04
114.3155746,1.0755e-03
114.3272934,8.8913e-04
114.3538055,7.6273e-04
114.3978043,7.8827e-04
114.4000320,7.8255e-04
114.4236984,7.5444e-04
114.4549637,7.1962e-04
114.4679413,8.2626e-04
114.5034485,6.9976e-04
114.5240631,6.9102e-04
114.5514221,9.0468e-04
114.5637894,8.2412e-04
114.5658875,7.8043e-04
114.6162949,9.8017e-04
114.6262131,7.3373e-04
114.6540756,9.0754e-04
114.6563873,8.5735e-04
114.6828079,8.8377e-04
114.7034836,1.0790e-03
114.7102280,1.1123e-03
114.7127151,7.8572e-04
114.7148743,8.3774e-04
114.7542725,1.0482e-03
114.7566223,7.2027e-04
114.8213425,7.6744e-04
114.8236389,7.8693e-04
114.8365631,9.1731e-04
114.8580627,8.2958e-04
114.9020462,7.6454e-04
114.9212570,7.7344e-04
114.9711075,7.7904e-04
115.0047836,8.7982e-04
115.0273209,8.4894e-04
115.0837250,9.5980e-04
115.1030045,7.4428e-04
115.1189346,8.1911e-04
115.1212234,6.8997e-04
115.1233444,7.9888e-04
115.1537933,1.2216e-03
115.2891617,8.7267e-04
115.3347168,8.1641e-04
115.3564911,8.5449e-04
115.3677673,8.6587e-04
115.3860550,8.3811e-04
115.3990631,9.2461e-04
115.4077225,8.2240e-04
115.4210739,1.2910e-03
115.4383392,1.2386e-02
115.5112457,8.8213e-04
115.5519180,6.7765e-04
115.5757523,7.9833e-04
115.6248398,1.0588e-03
115.6274796,8.3016e-04
115.6377563,7.2358e-04
115.6446762,8.4282e-04
115.6648102,8.3779e-04
115.6863785,9.8356e-04
115.6889954,7.8453e-04
115.6912460,1.4755e-03
115.6940384,1.0639e-03
115.7003174,8.4111e-04
115.7274933,1.1266e-03
115.7422867,1.7014e-02
115.7788391,7.9590e-04
115.7950668,9.1315e-04
115.8193817,8.3676e-04
115.8411865,1.7184e-03
115.8565369,9.2655e-04
115.8632736,1.0870e-03
115.8660583,7.2837e-04
115.8903961,8.4562e-04
115.8994751,4.1255e-03
115.9178543,7.8539e-04
115.9327164,8.6837e-04
115.9500504,8.0026e-04
115.9726562,7.7154e-04
115.9835434,8.5359e-04
115.9956360,8.8577e-03
116.0142365,8.6169e-04
116.0298920,7.4553e-04
116.0436249,7.6115e-04
116.0724335,6.9253e-04
116.0897827,9.8681e-04
116.1062164,8.4495e-04
116.1263962,8.8657e-04
116.1410370,7.5029e-04
116.1430740,7.5445e-04
116.1450272,1.0313e-03
116.1474838,9.3830e-04
116.1609344,9.2379e-04
116.1766663,1.0080e-03
116.1947708,9.0077e-04
116.2161102,8.0553e-04
116.2183380,7.1538e-04
116.2202682,8.1068e-04
116.2226181,7.3701e-04
116.2251892,6.9071e-04
116.2270813,9.1645e-04
116.2342377,9.2854e-04
116.2364502,7.8950e-04
116.2473755,7.6377e-04
116.2581787,7.8742e-04
116.2718201,8.9566e-04
116.2839432,8.3315e-04
116.3082047,7.8627e-04
116.3183365,8.4872e-04
116.3352203,8.9010e-04
116.3749390,7.8688e-04
116.3925171,8.5326e-04
116.3949814,8.3320e-04
116.4104309,1.0918e-03
116.4281082,1.0386e-03
116.4303894,1.0438e-03
116.4739990,7.3923e-04
116.4812775,7.9052e-04
116.4947128,6.9202e-04
116.5161591,8.7838e-04
116.5183258,9.0675e-04
116.5350571,7.8754e-04
116.5576782,7.8913e-04
116.5598755,8.4975e-04
116.5773926,7.5678e-04
116.5794067,7.2196e-04
116.5958252,7.2769e-04
116.5978241,9.3687e-04
116.6000671,1.0721e-03
116.6115265,8.1240e-04
116.6136856,8.6545e-04
116.6160660,7.0508e-04
116.6224365,7.5053e-04
116.6339417,7.9721e-04
116.6386719,7.3682e-04
116.6408157,1.2284e-03
116.6712189,8.7198e-04
116.6828690,8.0047e-04
116.6981430,9.8360e-04
116.7162552,8.5069e-04
116.7409515,7.6848e-04
116.7837906,1.6469e-03
116.8034515,1.1520e-03
116.8281021,7.9804e-04
116.8394089,1.0308e-03
116.8418121,8.9596e-04
116.8555679,7.0807e-04
116.8577881,7.1327e-04
116.9058762,1.1170e-03
116.9453430,8.5686e-04
116.9603271,7.3382e-04
116.9627380,8.9857e-04
116.9671860,7.5591e-04
116.9692841,7.8060e-04
117.0101471,8.0302e-04
117.0370865,8.4699e-04
117.0479660,4.1746e-03
117.0616684,9.6036e-04
117.0643463,1.1006e-03
117.0766678,4.3505e-03
117.0958481,7.8753e-04
117.0980759,9.9719e-04
117.1003571,7.9678e-04
117.1026154,8.5321e-04
117.1407013,7.6311e-04
117.1686707,8.9665e-04
117.1915359,7.7193e-04
117.1999130,1.2415e-02
117.2138672,9.4657e-04
117.2330475,9.0203e-04
117.2435532,6.7995e-04
117.2634201,8.1203e-04
117.2861633,8.1448e-04
117.2884064,7.3338e-04
117.3166122,8.2719e-04
117.3188324,7.9120e-04
117.3471680,8.2141e-04
117.3498764,7.8039e-04
117.3773956,8.1441e-04
117.3892746,8.4634e-04
117.3913956,8.1786e-04
117.4104843,8.1577e-04
117.4739914,8.3245e-04
117.4952240,8.1559e-04
117.5214920,8.6430e-04
117.5313644,7.5108e-04
117.5381546,7.7131e-04
117.5641556,8.1673e-04
117.5774536,8.0999e-04
117.5797195,9.9091e-04
117.5820236,8.4519e-04
117.6154022,1.1925e-03
117.6576996,8.0337e-04
117.7091827,7.0484e-04
117.7427139,7.6535e-04
117.7608032,9.3313e-04
117.7629547,1.0671e-03
117.7658844,8.9051e-04
117.8116150,1.2013e-03
117.8868637,1.3950e-03
117.9565735,9.0058e-04
117.9782028,8.3785e-04
117.9951935,8.6825e-04
117.9973907,1.0436e-03
118.0192947,6.6935e-04
118.0390244,9.8912e-04
118.0416031,7.8816e-04
118.0619812,7.3019e-04
118.0639496,8.1150e-04
118.0662842,7.4761e-04
118.0683899,3.8446e-03
118.1102905,8.7304e-04
118.1152954,6.8561e-04
118.1171799,6.9503e-04
118.1192856,7.9998e-04
118.1265945,9.5386e-04
118.1426239,1.0684e-03
118.1576691,7.3669e-04
118.1595764,8.4692e-04
118.1617889,8.4339e-04
118.1639786,7.5461e-04
118.1661911,8.7563e-04
118.1684341,1.0209e-03
118.1710739,8.7139e-04
118.1733627,1.0056e-03
118.1756821,8.1649e-04
118.1776657,7.8733e-04
118.1799164,8.1429e-04
118.1821289,9.9050e-04
118.1844177,8.2079e-04
118.1866989,9.5180e-04
118.1889801,6.8758e-04
118.1910629,7.4592e-04
118.1932831,4.7115e-03
118.1993790,9.6316e-04
118.2016220,8.7673e-04
118.2038956,7.5520e-04
118.2062149,8.3817e-04
118.2084122,6.6988e-04
118.2103500,8.1149e-04
118.2354813,6.8553e-04
118.2530289,7.9456e-04
118.2606888,8.0687e-04
118.2634125,8.1208e-04
118.2657394,7.5976e-04
118.2676620,7.6915e-04
118.2698898,8.9116e-04
118.2725143,8.0541e-04
118.2856598,1.2425e-03
118.2883072,6.5782e-04
118.2902985,8.1205e-04
118.2929535,7.4022e-04
118.2952499,7.6207e-04
118.2975311,9.0327e-04
118.2999115,1.9557e-02
118.3212128,1.2397e-03
118.3248672,7.1555e-04
118.3270035,2.0571e-02
118.3784256,1.0479e-03
118.3918915,7.9250e-04
118.3962708,1.0682e-03
118.4327545,8.7622e-04
118.4366074,7.7114e-04
118.4620285,7.9328e-04
118.4890900,8.5047e-04
118.4912491,8.3373e-03
118.5172958,1.3799e-03
118.5256424,8.7782e-04
118.5279083,8.3572e-04
118.5394058,8.1732e-04
118.5414963,8.0410e-04
118.5495071,7.7499e-04
118.5516586,6.9189e-04
118.5535202,8.0829e-04
118.5903473,8.6306e-04
118.6059647,9.5300e-04
118.6339188,8.6462e-04
118.6861954,8.7144e-04
118.6967697,7.3299e-04
118.7188034,1.0925e-03
118.7564621,9.3128e-04
118.7588806,6.4900e-04
118.7856750,7.8854e-04
118.8003540,9.0593e-04
118.8194427,8.0793e-04
118.8375092,8.8844e-04
118.8585663,6.8558e-04
118.9294968,7.7191e-04
118.9554596,9.4759e-04
119.0250473,1.0090e-03
119.0508118,7.5910e-04
119.0528259,9.0730e-04
119.0636597,7.6476e-04
119.0810089,8.1487e-04
119.1061325,1.4300e-03
119.1212158,1.1491e-03
119.1375809,9.3780e-04
119.1397629,1.4390e-03
119.1585999,9.8710e-04
119.1761093,8.0125e-04
119.1912994,8.5356e-04
119.2139130,7.8648e-04
119.2326355,8.4003e-04
119.2477646,7.3402e-04
119.2633209,9.4010e-04
119.2761841,9.5671e-04
119.2886353,8.4494e-04
119.3066025,7.9393e-04
119.3241653,8.8664e-04
119.3375473,8.6411e-04
119.3508682,9.2741e-04
119.3642654,1.0087e-03
119.3689804,7.8895e-04
119.3774261,8.6537e-04
119.4000626,9.2565e-04
119.4230499,8.7225e-04
119.4422302,7.6866e-04
119.4442978,9.1178e-04
119.4571991,7.9780e-04
119.4592438,8.3796e-04
119.4747467,7.3685e-04
119.4766998,7.0686e-04
119.4848480,9.2509e-04
119.5011139,7.4543e-04
119.5128708,7.6790e-04
119.5147552,6.9253e-04
119.5166626,8.8508e-04
119.5186310,7.2751e-04
119.5425491,7.3167e-04
119.5730515,7.9728e-04
119.5870285,1.0173e-03
119.6029968,7.0096e-04
119.6177368,7.7659e-04
119.6208496,7.6129e-04
119.6334152,8.4060e-04
119.6369934,7.7811e-04
119.6612244,8.0766e-04
119.6745987,7.8056e-04
119.6922760,1.2600e-03
119.7052231,7.8944e-04
119.7183456,9.1147e-04
119.7314987,1.2211e-03
119.7665939,7.9234e-04
119.7835312,8.4699e-04
119.8023834,9.0403e-04
119.8149414,1.2111e-03
119.8175507,8.9762e-04
119.8270035,8.9927e-04
119.8292236,9.0390e-04
119.8472214,8.0683e-04
119.8492355,7.3920e-04
119.8575287,1.3935e-03
119.8883972,7.5052e-04
119.8904266,8.3253e-04
119.9054413,9.1424e-04
119.9238663,8.0208e-04
119.9257812,9.9083e-04
119.9295120,9.1304e-04
119.9436188,7.7659e-04
119.9457321,8.6850e-04
119.9481201,7.4549e-04
119.9776764,9.1079e-04
120.0049973,8.3442e-04
120.0325699,1.0143e-03
120.0475540,8.4977e-04
120.0497360,7.4623e-04
120.1068497,8.6992e-04
120.1203461,7.7016e-04
120.1223602,7.3435e-04
120.1262665,8.1256e-04
120.1546555,8.2141e-04
120.2130737,1.4564e-03
120.2457123,9.9701e-04
120.2529526,7.4023e-04
120.2854309,8.8338e-04
120.3208008,7.8638e-04
120.3385239,9.1661e-04
120.3499222,7.2458e-04
120.3523712,8.3503e-04
120.3546600,9.3249e-04
120.3685379,9.4625e-04
120.3861084,9.7838e-04
120.4072189,8.8459e-04
120.4093857,7.6778e-04
120.4114227,7.7205e-04
120.4545364,8.9140e-04
120.4570160,7.8139e-04
120.4593430,9.0203e-04
120.4721603,9.2733e-04
120.4901962,8.6027e-04
120.4925919,9.0570e-04
120.4946747,9.0788e-04
120.4971771,9.7375e-04
120.5119781,7.4669e-04
120.5263062,6.8153e-04
120.5285873,7.8235e-04
120.5325699,1.2430e-02
120.5465469,7.8888e-04
120.5606842,7.4473e-04
120.5787735,7.1673e-04
120.6041336,7.4512e-04
120.6062622,6.3880e-04
120.6081085,8.2371e-04
120.6222076,9.6031e-04
120.6246719,7.5607e-04
120.6371841,7.1432e-04
120.6398621,7.9666e-04
120.6660538,7.2280e-04
120.7110748,8.5704e-04
120.7716446,8.4536e-04
120.7845917,7.8110e-04
120.8174667,9.9683e-04
120.8651276,7.1793e-04
120.8941422,7.8444e-04
120.9106674,7.7511e-04
120.9127045,7.6380e-04
120.9416885,9.0802e-04
120.9989471,1.0342e-03
121.0088501,8.0425e-04
121.0110931,8.5992e-04
121.0132217,1.0209e-03
121.0156250,9.9308e-04
121.0363998,1.0747e-03
121.0544281,7.5870e-04
121.0566254,9.7614e-04
121.0587997,8.4062e-04
121.0610809,9.2370e-04
121.0634232,8.5688e-04
121.0656509,8.7618e-04
121.0681763,1.0534e-03
121.0705261,7.4949e-04
121.0729675,7.8595e-04
121.0824661,1.3079e-03
121.1125031,7.1096e-04
121.1798782,8.2926e-04
121.1955566,8.7808e-04
121.1978531,7.6175e-04
121.1999359,8.8439e-04
121.2178116,8.9966e-04
121.2357407,8.5587e-04
121.2379990,7.8794e-04
121.2400818,1.3246e-03
121.2436066,7.5491e-04
121.2456512,7.5396e-04
121.2914047,7.7750e-04
121.2936478,7.4731e-04
121.2960434,7.3896e-04
121.3163834,1.1470e-03
121.3253784,7.7143e-04
121.3340225,8.5747e-04
121.3509979,9.3635e-04
121.3541260,6.8347e-04
121.3861160,8.4519e-04
121.4639053,1.1034e-03
121.5007095,7.8315e-04
121.5226440,7.4544e-04
121.5472107,7.7965e-04
121.5497971,8.1705e-04
121.5520554,6.7829e-04
121.5540619,9.7056e-04
121.5998154,7.1753e-04
121.6018906,8.5636e-04
121.6089706,1.0255e-03
121.6114578,8.5953e-04
121.6136627,9.4887e-04
121.6319351,1.2327e-03
121.6505814,7.4144e-04
121.7227249,9.2251e-04
121.7560196,9.0189e-04
121.7582626,9.4467e-04
121.7751160,7.4974e-04
121.7953568,7.8296e-04
121.7976837,7.7803e-04
121.8002090,6.9992e-04
121.8158646,8.8547e-04
121.8351669,1.0905e-03
121.8532639,8.9794e-04
121.8643265,7.9664e-04
121.8970871,8.2662e-04
121.9131088,7.6552e-04
121.9155045,7.6750e-04
121.9178238,7.0604e-04
121.9199295,7.3699e-04
121.9219589,7.7493e-04
121.9242859,7.3129e-04
121.9346390,4.7072e-03
121.9541779,7.8098e-04
121.9565506,1.4673e-03
121.9779205,7.4846e-04
121.9973526,8.5250e-04
122.0175934,7.7272e-04
122.0197601,8.8260e-04
122.0220337,7.6885e-04
122.0240479,7.9065e-04
122.0263596,1.1561e-03
122.0408173,7.0114e-04
122.0720673,8.5992e-04
122.0741577,8.3057e-04
122.1015244,7.6094e-04
122.1034546,9.7015e-04
122.1152191,9.0628e-04
122.1332092,8.3457e-04
122.1558533,7.2087e-04
122.1803055,8.5273e-04
122.1881256,7.7986e-04
122.1970901,8.8469e-04
122.2383804,8.1811e-04
122.2539062,8.3005e-04
122.2761765,8.5584e-04
122.2969437,1.0198e-03
122.3084106,8.5361e-04
122.3119888,7.9473e-04
122.3270187,1.0291e-03
122.3431549,9.5696e-04
122.3548737,8.2622e-04
122.3569946,7.9685e-04
122.3597565,9.0430e-04
122.3899689,9.3446e-04
122.4131088,8.8569e-04
122.4154739,8.0732e-04
122.4356461,8.7079e-04
122.4441605,8.6391e-04
122.4583664,1.2623e-03
122.4615479,1.0103e-03
122.4640961,8.2189e-04
122.4661331,2.2079e-03
122.4697876,7.3571e-04
122.4743042,7.8669e-04
122.4765778,7.6073e-04
122.4788513,8.3382e-04
122.4810333,7.4058e-04
122.4833221,9.0461e-04
122.4895248,8.1734e-04
122.5175781,7.8424e-04
122.5501404,7.5931e-04
122.5521240,7.6501e-04
122.5543671,1.3845e-03
122.5579605,7.4158e-04
122.5600510,7.5716e-04
122.5622864,7.5816e-04
122.5998688,7.8553e-04
122.6054688,8.9047e-04
122.6277466,9.0197e-04
122.6299896,8.1556e-04
122.6495132,8.2704e-04
122.6518402,7.8440e-04
122.6539764,7.6768e-04
122.6754074,1.0330e-03
122.7110214,7.6897e-04
122.7248993,1.2299e-03
122.7565765,8.9704e-04
122.7901001,7.5747e-04
122.7923813,8.4620e-04
122.7944794,7.3775e-04
122.8262100,7.0289e-04
122.8674545,7.6156e-04
122.9404831,5.8218e-03
122.9476624,8.8652e-04
122.9629211,7.5853e-04
122.9650955,8.2766e-04
122.9673767,9.8049e-04
122.9694672,7.7296e-04
123.0061417,1.0544e-03
123.0088882,7.9670e-04
123.0110168,9.2525e-04
123.0142212,1.4440e-03
123.0251236,7.8263e-04
123.0663300,9.5957e-04
123.0827026,1.3729e-03
123.0854034,7.1681e-04
123.1158829,8.0139e-04
123.1188431,8.2116e-04
123.1351013,8.7347e-04
123.1499329,8.0235e-04
123.1644745,1.1971e-03
123.1934738,7.6792e-04
123.1955872,8.1246e-04
123.2116623,7.7858e-04
123.2139130,9.9538e-04
123.2304001,8.7883e-04
123.2433701,8.8854e-03
123.2682266,7.6144e-04
123.2807999,7.1097e-04
123.3341446,1.0458e-03
123.3506546,7.5976e-04
123.3527298,6.5069e-04
123.3546524,7.7841e-04
123.3568420,7.5243e-04
123.3989410,7.2969e-04
123.4436569,1.0415e-03
123.4460602,7.1247e-04
123.4480667,6.9852e-04
123.4499435,6.4664e-04
123.4517593,7.3285e-04
123.4677429,8.2765e-04
123.5734863,1.4073e-03
123.5789642,6.7833e-04
123.5974579,7.1280e-04
123.5995560,7.1509e-04
123.6153259,8.9424e-04
123.6298294,7.6475e-04
123.6397324,7.2917e-04
123.6541290,7.3821e-04
123.6651459,7.9863e-04
123.6882858,6.9681e-04
123.6902618,7.0620e-04
123.7031708,1.0851e-03
123.7054977,7.8159e-04
123.7076797,8.2700e-04
123.7097244,7.2505e-04
123.7118912,6.6509e-04
123.7369385,8.3472e-04
123.7393951,7.6191e-04
123.7541809,7.0428e-04
123.7748642,7.6591e-04
123.8012543,8.1607e-04
123.8117523,8.2684e-04
123.8141479,9.2185e-04
123.8271561,9.4988e-04
123.8438644,7.4367e-04
123.8648148,7.4674e-04
123.8795471,8.7032e-04
123.9052963,7.4096e-04
123.9247055,7.7479e-04
123.9425278,9.3050e-04
123.9449844,7.7439e-04
123.9513931,8.9068e-04
123.9680634,8.2536e-04
123.9702072,8.1254e-04
124.0038681,8.8503e-04
124.0127182,1.1141e-03
124.0248795,1.0052e-03
124.0275803,6.9743e-04
124.0462799,7.5677e-04
124.0599747,6.9130e-04
124.0803070,7.1523e-04
124.0961075,6.7942e-04
124.1071701,8.8316e-04
124.1271133,7.2554e-04
124.1290207,8.2293e-04
124.1338120,7.0923e-04
124.1358414,7.5310e-04
124.1530609,9.1839e-04
124.1552200,7.1015e-04
124.1814117,8.0477e-04
124.2076645,8.9378e-04
124.2373581,8.0926e-04
124.2393646,7.3007e-04
124.2423248,7.2118e-04
124.2579422,7.8184e-04
124.2602386,8.2865e-04
124.2624969,1.7978e-03
124.2657471,7.7196e-04
124.2680283,7.7469e-04
124.2701797,6.8357e-04
124.2721939,7.0489e-04
124.2743225,8.2193e-04
124.2772980,1.1207e-03
124.3410645,7.6805e-04
124.3474884,7.5036e-04
124.3572235,7.2337e-04
124.3666763,9.5588e-04
124.3690872,7.9813e-04
124.3892746,7.9397e-04
124.4239731,1.0922e-03
124.5069733,7.2515e-04
124.5224457,8.0866e-04
124.5244370,9.7284e-04
124.5417404,8.8358e-04
124.5442810,8.3772e-04
124.5472488,7.5706e-04
124.5492401,7.9352e-04
124.5598373,1.2898e-03
124.5772934,8.8930e-04
124.5940399,9.7585e-04
124.6096115,6.9431e-04
124.6242294,9.4090e-04
124.6436310,7.7338e-04
124.6546402,8.6193e-04
124.6620483,8.2970e-04
124.6640854,8.8247e-04
124.6661758,8.8900e-04
124.6921387,8.8891e-04
124.7267532,7.7101e-04
124.7996826,7.2831e-04
124.8839188,8.9141e-04
124.8865204,1.3905e-03
124.8892059,9.7258e-04
124.9010773,6.7452e-04
124.9032745,8.5657e-04
124.9214096,9.7783e-04
124.9437561,8.4751e-04
124.9732208,8.2806e-04
125.0121841,8.9425e-04
125.0657349,7.2595e-04
125.0681610,1.0662e-03
125.0910034,7.5259e-04
125.1185989,4.6061e-03
125.1322937,7.3636e-04
125.1344757,9.9539e-04
125.1371078,1.3236e-03
125.1642151,1.0228e-03
125.1856232,1.0773e-03
125.1881409,1.0790e-03
125.2048645,7.8024e-04
125.2113190,9.2302e-04
125.2136307,8.9939e-04
125.2161026,1.0155e-03
125.2399597,8.3651e-04
125.2596664,7.3017e-04
125.2829971,8.2660e-04
125.2888184,7.2683e-04
125.2911301,7.8607e-04
125.2932053,7.1961e-04
125.2951355,9.0367e-04
125.2973175,1.1942e-03
125.2997971,7.8292e-04
125.3150940,8.2051e-04
125.3379288,7.0189e-04
125.3401794,6.7677e-04
125.3526077,8.5631e-04
125.3694000,9.8228e-04
125.3938217,8.6329e-04
125.3960342,7.8143e-04
125.4184494,7.8484e-04
125.4209518,7.3180e-04
125.4320374,7.1208e-04
125.4342346,8.3056e-04
125.4363480,7.3882e-04
125.4600830,9.5913e-04
125.5101089,8.2809e-04
125.5252533,9.3841e-04
125.5362701,8.9482e-04
125.5385971,8.8409e-04
125.5934219,7.8751e-04
125.6780243,1.0760e-03
125.6804123,1.0366e-03
125.6827850,6.5155e-04
125.6965256,1.7716e-03
125.6998520,7.0602e-04
125.7017746,6.4915e-04
125.7038269,8.2699e-04
125.7060318,5.4457e-03
125.7539291,7.2626e-04
125.7747803,9.7360e-04
125.7771149,9.0793e-04
125.7983322,7.5948e-04
125.8069611,7.6503e-04
125.8202286,8.0396e-04
125.8385162,7.6907e-04
125.8405609,7.2589e-04
125.8613052,9.3325e-04
125.8741150,7.7298e-04
125.8973618,7.1642e-04
125.9118805,7.7819e-04
125.9291077,7.4382e-04
125.9587402,6.9064e-04
125.9757462,7.4144e-04
125.9939957,1.1366e-03
126.0294418,8.7287e-04
126.0986252,1.2633e-03
126.1018143,7.9855e-04
126.1498489,1.4122e-03
126.1608276,7.8617e-04
126.2057724,8.9458e-04
126.2230072,1.8649e-03
126.2264709,7.3553e-04
126.2285385,6.9627e-04
126.2307053,1.2188e-03
126.2334518,8.3470e-04
126.2528534,7.1747e-04
126.2737579,8.1866e-04
126.2821274,7.0746e-04
126.3047638,7.0194e-04
126.3068695,7.0458e-04
126.3087692,7.8636e-04
126.3108597,8.0629e-04
126.3441620,8.3554e-04
126.3835602,8.6611e-04
126.3857117,8.4339e-04
126.3880005,1.0911e-03
126.3906021,7.8888e-04
126.4155807,8.3440e-04
126.4190292,8.5141e-04
126.4363861,8.4584e-04
126.4524307,7.4381e-04
126.4645233,7.7730e-04
126.4825058,8.3848e-04
126.5017548,6.6984e-04
126.5625229,1.2614e-02
126.6327209,9.8522e-04
126.6444244,8.1001e-04
126.6720200,8.7337e-04
126.7692108,1.1688e-03
126.7718277,7.7751e-04
126.7741394,8.9165e-04
126.7767105,7.8140e-04
126.7788467,7.5461e-04
126.7898254,8.3171e-04
126.7919617,1.2562e-03
126.7945480,1.1464e-03
126.8076324,8.8428e-04
126.8303833,1.1148e-03
126.8336792,1.2443e-03
126.8363724,8.5945e-04
126.8384857,1.3964e-03
126.8414764,8.4329e-04
126.8478622,1.0817e-03
126.8798752,7.8580e-04
126.8983231,7.7239e-04
126.9142838,8.3499e-04
126.9163895,8.8042e-04
126.9231262,7.9865e-04
126.9253769,7.8961e-04
126.9274521,7.3680e-04
126.9295197,1.0901e-03
126.9320908,8.2044e-04
126.9344330,8.0793e-04
126.9364700,8.8107e-04
126.9387589,8.0652e-04
126.9408493,9.6308e-04
126.9656906,9.5755e-04
126.9868698,8.3639e-04
127.0068741,7.5849e-04
127.0091171,9.0499e-04
127.0112915,6.8763e-04
127.0276566,7.3747e-04
127.0486908,7.8926e-04
127.0507736,1.1398e-03
127.0536575,7.5671e-04
127.0555725,7.5411e-04
127.0836411,7.7950e-04
127.0856628,7.6454e-04
127.0876999,9.2091e-04
127.0897522,7.0268e-04
127.1348953,7.7237e-04
127.1476517,7.9966e-04
127.1624908,8.2423e-04
127.1791306,7.5384e-04
127.1810379,7.6228e-04
127.2327423,7.8317e-04
127.3021622,7.8073e-04
127.3112030,8.1217e-04
127.3135834,8.6365e-04
127.3157654,7.9237e-04
127.3360901,1.1731e-03
127.3505325,7.5128e-04
127.3596039,8.4040e-04
127.3691711,7.5177e-04
127.3793716,1.1907e-03
127.4080124,6.7118e-04
127.4747162,8.0820e-04
127.4838943,8.6899e-04
127.4862747,8.0887e-04
127.4883804,8.1033e-04
127.4905777,9.9620e-04
127.4929657,9.8691e-04
127.5009384,9.7598e-04
127.5058670,7.7125e-04
127.5117950,7.7597e-04
127.5138168,6.9014e-04
127.5158005,8.4864e-04
127.5824127,8.9286e-04
127.5845490,7.6145e-04
127.5868225,9.0563e-04
127.5897446,6.6235e-04
127.5916824,7.6837e-04
127.5937500,7.5055e-04
127.6316605,7.4887e-04
127.6337509,7.3867e-04
127.6507950,8.4071e-04
127.6727066,7.8931e-04
127.6775589,9.7130e-04
127.7335587,8.8995e-04
127.7757263,8.2442e-04
127.8605118,8.5330e-04
127.8838501,8.4109e-04
127.8951874,8.9314e-04
127.8977356,7.9971e-04
127.9002228,8.5091e-04
127.9024277,8.5250e-04
127.9196243,9.0725e-04
127.9224167,1.7784e-03
127.9255219,8.0322e-04
127.9276581,7.2615e-04
127.9296417,7.0921e-04
127.9317703,1.1769e-03
127.9344177,1.0763e-03
127.9444580,8.0426e-04
127.9588623,8.7951e-04
127.9736557,6.7151e-04
127.9963531,7.2285e-04
128.0104218,7.9073e-04
128.0130005,1.1063e-03
128.0322723,1.0444e-03
128.0473480,7.3872e-04
128.0583649,8.1731e-04
128.0795288,8.8904e-04
128.1091156,7.2676e-04
128.1269073,6.9423e-04
128.1432495,7.6081e-04
128.1611938,9.8430e-04
128.1760254,8.6176e-04
128.1973724,8.7445e-04
128.2353210,8.2572e-04
128.2522736,8.3470e-04
128.2859650,9.5779e-04
128.3012390,1.3539e-03
128.3392487,1.0196e-03
128.3676300,8.9740e-04
128.4080353,9.5652e-04
128.4443207,1.3018e-03
128.5437622,8.1032e-04
128.5588989,7.7796e-04
128.5728760,8.7889e-04
128.5852051,9.0167e-04
128.5877228,8.0903e-04
128.5899353,8.1955e-04
128.6004028,8.2456e-04
128.6123352,1.1737e-03
128.6341553,1.0446e-03
128.6602020,8.3110e-04
128.6911621,1.3787e-02
128.7238617,1.2050e-03
128.7415619,1.4145e-02
128.7729492,2.0425e-03
128.8622284,9.4630e-04
128.9083252,6.9899e-04
128.9190216,1.6080e-02
128.9364319,8.7021e-04
128.9417877,7.8748e-04
128.9746399,9.2715e-04
128.9952698,7.4991e-04
129.0173187,9.6104e-04
129.0200348,8.9084e-04
129.0224915,7.0699e-04
129.0464783,8.2005e-04
129.0672150,8.1077e-04
129.0894775,7.2881e-04
129.1276245,8.6409e-04
129.1422119,7.5350e-04
129.1445618,7.1138e-04
129.1465454,9.4499e-04
129.1488495,8.8760e-04
129.1511078,7.8285e-04
129.1532745,7.3391e-04
129.1750641,9.7682e-04
129.1772614,7.1489e-04
129.2282104,8.0318e-04
129.2597809,7.2121e-04
129.2618561,8.5161e-04
129.2688599,9.7989e-04
129.2712860,1.0294e-03
129.2743988,9.2805e-04
129.2846069,7.8314e-04
129.2968903,7.9334e-04
129.3173981,8.9871e-04
129.3757324,8.7838e-04
129.3988647,7.8163e-04
129.4909668,8.8296e-04
129.5113220,7.2982e-04
129.5270081,7.5711e-04
129.5471954,8.1491e-04
129.5768738,9.5023e-04
129.5886383,7.7787e-04
129.5906830,7.0205e-04
129.5925598,7.6364e-04
129.5946808,7.1281e-04
129.5966492,7.3287e-04
129.6219635,8.4845e-04
129.6390076,8.7005e-04
129.6413727,7.2990e-04
129.6432190,6.7293e-04
129.6591187,6.6552e-04
129.6761780,6.6849e-04
129.6780853,6.8862e-04
129.6999664,1.0662e-03
129.7024078,1.5506e-03
129.7056274,8.4172e-04
129.7080231,9.3815e-04
129.7104034,6.7310e-04
129.7123718,7.3163e-04
129.7144928,1.1186e-03
129.7168884,8.2232e-04
129.7189941,1.0539e-03
129.7212982,7.2580e-04
129.7235413,8.2232e-04
129.7258148,7.8083e-04
129.7278442,7.4100e-04
129.7298584,8.0358e-04
129.7411194,8.0353e-04
129.7618408,8.0753e-04
129.7868042,8.3156e-04
129.7888641,8.3298e-04
129.7947693,7.5032e-04
129.8126831,7.6113e-04
129.8247528,8.6576e-04
129.8277130,8.6301e-04
129.8581238,7.4691e-04
129.8763733,7.1559e-04
129.8901367,1.8243e-02
129.9205627,8.9295e-04
129.9327087,8.0775e-04
129.9514160,7.7799e-04
129.9632721,8.4316e-04
129.9777069,7.5269e-04
129.9878387,2.7563e-03
130.0251770,8.1437e-04
130.0306549,8.2288e-04
130.0328979,8.1469e-04
130.0350342,8.5578e-04
130.0489807,1.0245e-03
130.0575104,7.0719e-04
130.0595551,8.1420e-04
130.0775909,7.5334e-04
130.1135101,8.2464e-04
130.1228180,7.8850e-04
130.1368561,7.9058e-04
130.1632690,9.2196e-04
130.1787720,7.8569e-04
130.2048492,7.8694e-04
130.2221527,7.7186e-04
130.2244720,8.1400e-04
130.2438812,7.6996e-04
130.2477722,7.2968e-04
130.2700500,3.2309e-03
130.2832184,8.2413e-04
130.3007812,8.6598e-04
130.3137207,1.3025e-03
130.3434906,7.6028e-04
130.3720398,7.5245e-04
130.3740997,8.4253e-04
130.3850708,7.2716e-04
130.4113312,8.6692e-04
130.4336395,8.2235e-04
130.4541168,9.2432e-04
130.4780426,8.1276e-04
130.5308075,9.0093e-04
130.5652008,1.1411e-03
130.5682068,7.7353e-04
130.5815125,1.0961e-03
130.5984497,1.4503e-03
130.6296082,7.1046e-04
130.6416626,8.7523e-04
130.6486664,1.7667e-03
130.6700592,8.3802e-04
130.6999359,8.3566e-04
130.7043152,8.4224e-04
130.7702179,8.3501e-04
130.7801666,7.6792e-04
130.7914886,8.3947e-04
130.8077545,1.0575e-03
130.8249359,8.3746e-04
130.8328247,1.8047e-03
130.8489685,6.8228e-04
130.8912659,8.7238e-04
130.9078369,7.8254e-04
130.9276428,8.0719e-04
130.9563599,9.1636e-04
130.9851990,9.9795e-04
130.9876556,7.6088e-04
131.0041809,7.6332e-04
131.0171204,8.5047e-04
131.0254517,7.2403e-04
131.0599365,7.4989e-04
131.1015625,8.7773e-04
131.1037140,7.5042e-04
131.1183014,7.5567e-04
131.1204376,7.1175e-04
131.1536102,8.4972e-04
131.2063904,8.8077e-04
131.2086792,8.4352e-04
131.2349701,9.2711e-04
131.2570801,1.6871e-03
131.2714691,1.0535e-03
131.2736511,8.3016e-04
131.3027039,8.1263e-04
131.3150024,9.5021e-04
131.3196106,1.0303e-03
131.3219299,7.6267e-04
131.3328857,9.4389e-04
131.3556366,8.0536e-04
131.3733215,8.4315e-04
131.3756409,8.2535e-04
131.3777466,1.0107e-03
131.4163055,8.6648e-04
131.4185028,7.3539e-04
131.4205475,6.6386e-04
131.4374695,7.2096e-04
131.4565277,9.4323e-04
131.4602051,1.2045e-03
131.4647369,1.6412e-03
131.4805450,4.2860e-03
131.5036774,8.2925e-04
131.5057068,8.8519e-04
131.5160217,8.5098e-04
131.5185852,9.3185e-04
131.5330963,7.4645e-04
131.5438843,8.6188e-04
131.5507965,8.9378e-04
131.5531464,9.2821e-04
131.5698700,9.6850e-04
131.5722046,7.4409e-04
131.5742035,7.4646e-04
131.5855713,8.8008e-04
131.5879059,8.3261e-04
131.5900726,8.4299e-04
131.5924225,1.0950e-03
131.5950012,1.3998e-03
131.5989227,1.1061e-03
131.6012573,9.4603e-04
131.6068268,8.0347e-04
131.6112823,7.0045e-04
131.6222229,8.3286e-04
131.6242065,7.6647e-04
131.6563568,7.4712e-04
131.6747437,8.2964e-04
131.6875610,8.0093e-04
131.6897888,6.6786e-04
131.7085114,8.8811e-04
131.7340851,9.3500e-04
131.7509918,7.4936e-04
131.7596436,8.3231e-04
131.8021393,8.5986e-04
131.8227692,7.7177e-04
131.8399048,8.2542e-04
131.8864136,1.0094e-03
131.9231873,7.9559e-04
131.9656830,8.1798e-04
131.9864197,6.9443e-04
132.0049591,7.4174e-04
132.0070190,5.6106e-03
132.0141907,7.8436e-04
132.0415649,8.7629e-04
132.0719757,8.1352e-04
132.0741425,1.0256e-03
132.0822144,7.9866e-04
132.1103973,8.0288e-04
132.1350555,9.0502e-04
132.1629181,8.8031e-04
132.1747131,8.8883e-04
132.1785126,7.8853e-04
132.2002869,1.1476e-03
132.2152710,7.2736e-04
132.2350769,1.4600e-03
132.2465668,1.3298e-03
132.2496796,8.7217e-04
132.2522125,8.9707e-04
132.2678070,8.2246e-04
132.3088531,8.8800e-04
132.4261017,8.6791e-04
132.4786682,1.3876e-03
132.4813385,9.1101e-04
132.4837036,7.6986e-04
132.4858093,8.8822e-04
132.4879456,7.4685e-04
132.4899292,9.6300e-04
132.4982910,1.3697e-03
132.5114899,7.7328e-04
132.5357971,7.7178e-04
132.5528564,8.6786e-04
132.5549011,7.4004e-04
132.5622864,6.9492e-04
132.6730804,8.3977e-04
132.6867523,9.1006e-04
132.7061005,7.8139e-04
132.7294922,9.8437e-04
132.7395935,9.2785e-04
132.7418671,8.6043e-04
132.8118591,9.0040e-04
132.8542175,8.6422e-04
132.8581238,8.4990e-04
132.8785400,1.0498e-03
132.8925476,7.9211e-04
132.9134369,2.6593e-03
132.9322815,8.3407e-04
132.9936523,9.6939e-04
133.0360565,7.3497e-04
133.0515747,8.1404e-04
133.0538635,8.0976e-04
133.0906525,7.1266e-04
133.0986938,6.7678e-04
133.1208038,7.9359e-04
133.1558838,7.9191e-04
133.1579132,7.0923e-04
133.1598969,7.4199e-04
133.1733398,8.1983e-04
133.1755829,7.4696e-04
133.1776733,8.8138e-04
133.1796875,6.8701e-04
133.1817780,7.1068e-04
133.1839294,7.3876e-04
133.1907349,6.6914e-04
133.1925812,7.6899e-04
133.1945801,7.3650e-04
133.1965942,8.9525e-04
133.1989136,8.4571e-04
133.2123413,8.3870e-04
133.2147369,7.2584e-04
133.2167969,7.6610e-04
133.2189789,4.5313e-03
133.2249756,7.0851e-04
133.2270508,8.6437e-04
133.2292633,1.0554e-03
133.2318878,1.1067e-03
133.2446747,7.8952e-04
133.2633972,7.2515e-04
133.3071594,8.8080e-04
133.3341064,1.1014e-03
133.3512878,9.1774e-04
133.3669739,7.9198e-04
133.3773804,6.8377e-04
133.3793182,7.7911e-04
133.3813629,7.8118e-04
133.3850708,8.5041e-04
133.4142914,1.3171e-03
133.4311066,8.1942e-04
133.4402924,6.8410e-04
133.4505463,7.4960e-04
133.4782257,7.5889e-04
133.4954224,8.3808e-04
133.5226593,1.1886e-03
133.5339203,7.9536e-04
133.5360413,8.4099e-04
133.5827789,8.8590e-04
133.6040649,6.9807e-04
133.6341858,1.0486e-03
133.6748352,7.9830e-04
133.7107697,1.0341e-03
133.7471466,8.2546e-04
133.7747803,1.1238e-03
133.7935181,7.8506e-04
133.8081818,7.2981e-04
133.8116760,1.4991e-03
133.8145599,9.4739e-04
133.8174286,7.1080e-04
133.8362274,8.3581e-04
133.8382568,8.9519e-04
133.8556366,6.7444e-04
133.8755035,7.3417e-04
133.8894806,7.3410e-04
133.8914337,7.1637e-04
133.9058533,4.1471e-03
133.9422302,7.5512e-04
133.9609070,7.9253e-04
133.9730682,8.2046e-04
134.0020905,1.0123e-03
134.0161133,1.2019e-02
134.0858612,7.7163e-04
134.0897064,8.4870e-04
134.1204376,8.9371e-04
134.1429291,8.1445e-04
134.1536560,7.8469e-04
134.1826630,8.8073e-04
134.1860199,9.0345e-04
134.2019806,8.2462e-04
134.2103271,8.0675e-04
134.2135315,9.1775e-04
134.2553101,9.0888e-04
134.3222198,9.4615e-04
134.3469086,9.8612e-04
134.3492889,1.0721e-03
134.3910370,7.7586e-04
134.3930359,8.0203e-04
134.4412994,9.0484e-04
134.4436951,7.1967e-04
134.4459076,7.6944e-04
134.4781799,7.3462e-04
134.5650024,8.2765e-04
134.5811615,7.8409e-04
134.5978546,1.4304e-03
134.6009521,8.8432e-04
134.6181641,8.0990e-04
134.6348877,8.4849e-04
134.6445312,7.7372e-04
134.6489868,9.3767e-04
134.6824188,1.0379e-03
134.7116699,1.0231e-03
134.7379761,7.8750e-04
134.7920227,1.2275e-03
134.8133698,1.0034e-03
134.8160248,7.4697e-04
134.8275909,7.6003e-04
134.8537750,7.9288e-04
134.8560333,7.9287e-04
134.8584900,7.9089e-04
134.8680725,6.8360e-04
134.8701935,8.5054e-04
134.8724823,7.4560e-04
134.8746033,7.6127e-04
134.9298859,9.3786e-04
134.9659119,8.4734e-04
134.9898834,8.0020e-04
134.9934692,7.4957e-04
134.9956818,9.4542e-04
134.9980011,8.7973e-04
135.0012512,7.7692e-04
135.0032349,7.7480e-04
135.0054626,8.5116e-04
135.0147400,9.5686e-04
135.0320435,7.3588e-04
135.0341034,7.7810e-04
135.0364685,1.0279e-03
135.0395966,7.9247e-04
135.0417786,7.7306e-04
135.0438690,9.1991e-04
135.0489197,7.4841e-04
135.0512238,8.7501e-04
135.0535431,6.8982e-04
135.0589447,9.0745e-04
135.0613556,8.0828e-04
135.0812073,7.6409e-04
135.0837402,9.0199e-04
135.0861816,7.8303e-04
135.1024780,6.8195e-04
135.1045532,6.7190e-04
135.1174011,8.2380e-04
135.1198273,7.8014e-04
135.1523132,8.8309e-04
135.1650391,8.1738e-04
135.1752777,7.8247e-04
135.1985931,7.3424e-04
135.2005157,8.2566e-04
135.2414246,9.0551e-04
135.2727356,9.1643e-04
135.2850494,7.8588e-04
135.2913055,1.3295e-03
135.3002472,7.8806e-04
135.3286438,7.9719e-04
135.3363495,8.5424e-04
135.3509216,7.6599e-04
135.3701324,8.3919e-04
135.3886261,9.3477e-04
135.4153900,7.2495e-04
135.4173126,6.4892e-04
135.4192810,7.6176e-04
135.4213867,9.2044e-04
135.4236450,8.8266e-04
135.4263153,7.7953e-04
135.4357147,1.1057e-03
135.4590149,7.6878e-04
135.4611359,1.2144e-03
135.5170593,7.1163e-04
135.5213470,9.5639e-04
135.5369568,7.4246e-04
135.5390930,6.6881e-04
135.5777435,1.0725e-03
135.5816650,7.2986e-04
135.5839691,7.6752e-04
135.5861816,9.4429e-04
135.6142883,8.1883e-04
135.6445465,9.1588e-04
135.6470184,1.3711e-02
135.6622162,9.0798e-04
135.6647949,8.3111e-04
135.6682281,7.1703e-04
135.6916046,7.1655e-04
135.7216797,8.8085e-04
135.7356567,1.2658e-03
135.7568970,7.5590e-04
135.8110962,8.8287e-04
135.8372955,2.9073e-03
135.8774567,9.2190e-04
135.9447937,7.3486e-04
135.9601898,7.5066e-04
135.9695129,9.1213e-04
135.9859314,7.8814e-04
135.9978790,7.5656e-04
136.0033112,7.7875e-04
136.0119781,8.1204e-04
136.0373993,8.1841e-04
136.0602722,8.5503e-04
136.0743561,7.3193e-04
136.0883636,9.5484e-04
136.0908966,8.4652e-03
136.1217041,9.9708e-04
136.1241913,7.3948e-04
136.1651764,7.4824e-04
136.1692657,6.9120e-04
136.1717377,9.4089e-04
136.2052307,7.4108e-04
136.2236481,9.0014e-04
136.2379456,7.4681e-04
136.2401886,6.0623e-04
136.2423553,7.9581e-04
136.2637939,8.9622e-04
136.2663116,1.1535e-03
136.2686920,9.3627e-04
136.2709351,9.3777e-04
136.2732544,7.8002e-04
136.2756042,7.1841e-04
136.3024750,8.9984e-04
136.3464050,8.5174e-04
136.3486481,7.7044e-04
136.3646851,9.9167e-04
136.3825073,8.1867e-04
136.4013062,1.3949e-03
136.4114380,9.9437e-04
136.4270477,8.2206e-04
136.4450226,9.5680e-04
136.4985199,7.7975e-04
136.5175476,8.6314e-04
136.5197906,8.0087e-04
136.5735931,7.9065e-04
136.5966644,8.7453e-04
136.6305542,1.2605e-03
136.6334686,7.5226e-04
136.6355591,7.1656e-04
136.6542053,8.7192e-04
136.6565704,2.4605e-02
136.6825867,1.0947e-03
136.6879578,8.3921e-04
136.7249756,8.0555e-04
136.7394714,7.6018e-04
136.7500763,8.6064e-04
136.7541351,8.2962e-04
136.7669220,7.4558e-04
136.8035583,7.7558e-04
136.8062134,8.7356e-04
136.8085785,8.1272e-04
136.8195648,1.0821e-03
136.8222046,8.0239e-04
136.8242035,7.7032e-04
136.8386230,7.9910e-04
136.8407745,6.8862e-04
136.8696747,7.7773e-04
136.8719330,8.8931e-04
136.8833466,8.0049e-04
136.8945465,8.3624e-04
136.8969116,7.6092e-04
136.9004974,9.7245e-04
136.9031830,8.0908e-04
136.9058685,9.0217e-04
136.9084473,9.0491e-04
136.9118195,1.2210e-03
136.9145966,7.5650e-04
136.9452209,5.7968e-03
136.9522858,7.8726e-04
136.9794006,7.1432e-04
136.9999847,8.7884e-04
137.0021362,8.2332e-04
137.0353546,8.8986e-04
137.0668182,7.5141e-04
137.0930786,9.1225e-04
137.1055603,9.1010e-04
137.1078644,7.5079e-04
137.1100311,7.5370e-04
137.1122589,6.9787e-04
137.1141510,8.6228e-04
137.1258698,7.4707e-04
137.1538696,9.0354e-04
137.1572113,1.4946e-02
137.1909637,7.4951e-04
137.2119904,8.1085e-04
137.2142029,9.1686e-04
137.2361145,8.6248e-04
137.2487793,8.1867e-04
137.2775726,7.8582e-04
137.3042755,8.0440e-04
137.3180237,1.0459e-03
137.3211670,8.2423e-04
137.3231659,9.0453e-04
137.3311005,8.2067e-04
137.3353119,9.2446e-04
137.3589935,8.1919e-04
137.3835144,8.6411e-04
137.3862610,8.5329e-04
137.4269562,7.6213e-04
137.4290466,8.3145e-04
137.4312439,7.3948e-04
137.4473114,8.1650e-04
137.4532623,8.8669e-04
137.4766388,8.6938e-04
137.4790344,8.4780e-04
137.4897461,1.4585e-03
137.5638580,8.9278e-04
137.5666504,1.2127e-03
137.5818329,7.9095e-04
137.5840149,9.6503e-04
137.5865326,8.6061e-04
137.5886536,7.6587e-04
137.5908508,7.3391e-04
137.5930176,8.4581e-04
137.6145172,8.6549e-04
137.6169434,8.5051e-04
137.6197357,6.9835e-04
137.6453247,7.5242e-04
137.6666107,9.6110e-04
137.6704254,1.4217e-03
137.6925049,9.3708e-04
137.6948242,8.2176e-04
137.7000885,8.1831e-04
137.7507629,9.5786e-04
137.7531586,1.1404e-03
137.7695618,9.9244e-04
137.7858429,8.6630e-04
137.7878571,8.0529e-04
137.8055420,8.2267e-04
137.8187103,8.8381e-04
137.8324127,8.7399e-04
137.8419037,8.1658e-04
137.8546295,8.3729e-04
137.8569183,6.6991e-04
137.8755951,7.2613e-04
137.8782349,1.0661e-03
137.8806610,7.8139e-04
137.8938599,6.9260e-04
137.9136963,2.7490e-03
137.9323120,8.8857e-04
137.9447174,7.5396e-04
137.9613037,1.5074e-02
137.9781342,8.2922e-04
137.9897461,1.1232e-03
138.0114136,7.9248e-04
138.0221252,9.8071e-04
138.0242767,9.5416e-04
138.0265808,8.0909e-04
138.0286865,8.6802e-04
138.0310211,1.0002e-03
138.0450897,8.0695e-04
138.0502777,8.4089e-04
138.0695648,8.7980e-04
138.0717621,1.0129e-03
138.0842133,9.5270e-04
138.0865173,8.0701e-04
138.0885010,7.1133e-04
138.0906372,7.1511e-04
138.1072540,7.6549e-04
138.1203766,7.0605e-04
138.1318359,7.5398e-04
138.1798096,7.8056e-04
138.2116394,8.2114e-04
138.2137604,7.6191e-04
138.2236176,7.8369e-04
138.2260590,7.8624e-04
138.2402954,7.5096e-04
138.2423859,9.6142e-04
138.2552795,8.2111e-04
138.2714386,8.6983e-04
138.2855225,7.8605e-04
138.2982941,7.4171e-04
138.3316650,8.4408e-04
138.3339691,7.1120e-04
138.3480835,1.1798e-03
138.3507080,7.6601e-04
138.3527527,8.3404e-04
138.3548126,7.7858e-04
138.3699341,8.0126e-04
138.3886871,8.7941e-04
138.3961334,7.2007e-04
138.3980255,6.9399e-04
138.4002533,6.7191e-04
138.4127960,8.3899e-04
138.4238892,7.9016e-04
138.4261932,9.2968e-04
138.4453278,8.6666e-04
138.4477386,8.3433e-04
138.4659576,1.0063e-03
138.4684753,9.4216e-04
138.4843903,8.2552e-04
138.4866791,8.4908e-04
138.5352783,9.3909e-04
138.5490265,1.0334e-03
138.5514526,9.4454e-04
138.5696564,8.3532e-04
138.5845032,8.2083e-04
138.5866852,9.6338e-04
138.5888977,7.5893e-04
138.5997162,1.1405e-03
138.6181946,7.5614e-04
138.6313782,7.8362e-04
138.6803894,8.6224e-04
138.6831818,1.1219e-03
138.7124023,7.6968e-04
138.7201538,6.7147e-04
138.7339630,8.3447e-04
138.7469177,7.5091e-04
138.7639618,1.0282e-03
138.7841949,7.8680e-04
138.8092041,1.0290e-03
138.8121948,8.1881e-04
138.8451691,7.3437e-04
138.8473206,7.8422e-04
138.8502350,9.1743e-04
138.8718262,8.8741e-04
138.8840179,9.2983e-04
138.8866119,7.7482e-04
138.9006805,7.3222e-04
138.9243774,8.5110e-04
138.9285736,7.1108e-04
138.9424133,8.2896e-04
138.9580383,7.5625e-04
138.9795837,8.9285e-04
139.0137024,7.7279e-04
139.0333252,8.8142e-04
139.0572052,9.6762e-04
139.0720825,7.4029e-04
139.0875854,7.4798e-04
139.1050110,7.0849e-04
139.1249084,8.0904e-04
139.1404724,7.5185e-04
139.1604309,7.7058e-04
139.1839752,8.0902e-04
139.2287445,2.0816e-03
139.2642365,7.2006e-04
139.2665253,7.7696e-04
139.2823334,7.7979e-04
139.2972565,6.8765e-04
139.2991180,7.6242e-04
139.3014832,8.7697e-04
139.3271484,8.9254e-04
139.3353424,1.0777e-03
139.3530579,7.8133e-04
139.3687592,8.7932e-04
139.3895721,7.9091e-04
139.4289398,7.8394e-04
139.4998627,8.9535e-04
139.5021820,8.8917e-04
139.5184174,7.0966e-04
139.5424652,8.3434e-04
139.5582275,8.6383e-04
139.5628662,8.1650e-04
139.5651093,7.6103e-04
139.5729523,7.2312e-04
139.5750580,7.2753e-04
139.5955811,8.7779e-04
139.6536407,8.3804e-04
139.7098236,8.6597e-04
139.7219696,7.4154e-04
139.7518005,1.1493e-03
139.7636261,1.2011e-03
139.7869568,8.8140e-04
139.7976379,8.8037e-04
139.8191986,1.0958e-03
139.8217316,8.4836e-04
139.8612061,7.7575e-04
139.8790894,9.6439e-04
139.8859406,9.8067e-04
139.8885803,8.6059e-04
139.8931427,9.1651e-04
139.9120636,7.2838e-04
139.9335022,7.5265e-04
139.9546814,9.0349e-04
139.9572449,7.9398e-04
139.9679718,7.6458e-04
139.9703522,7.6392e-04
139.9808502,1.2153e-03
139.9832306,6.6408e-04
140.0082550,8.3889e-04
140.0237427,7.0843e-04
140.0259094,9.8865e-04
140.0285492,7.5372e-04
140.0565338,8.4094e-04
140.0784607,8.2310e-04
140.0807037,7.5010e-04
140.0868225,8.3279e-04
140.1146088,8.6776e-04
140.1577148,7.5383e-04
140.2003326,7.7793e-04
140.2041168,7.9518e-04
140.2207031,7.4316e-04
140.2595062,8.3691e-04
140.2938385,8.1054e-04
140.3166809,8.9899e-04
140.3304291,8.8243e-04
140.3500366,7.5502e-04
140.3573151,1.0004e-03
140.3600006,8.9730e-04
140.3753967,6.9537e-04
140.3825073,7.4324e-04
140.4092560,8.6491e-04
140.4326172,7.7883e-04
140.4346924,7.0236e-04
140.4365234,7.9035e-04
140.4458008,8.5488e-04
140.4864349,8.6207e-04
140.4993286,2.0185e-03
140.5400085,8.7434e-04
140.5430908,8.8011e-04
140.6712189,8.1512e-04
140.7154541,1.3449e-03
140.7181549,8.6992e-04
140.7340240,7.1391e-04
140.7487488,7.5687e-04
140.7590027,8.8383e-04
140.7758636,8.0401e-04
140.8211060,9.1743e-04
140.8236542,7.3422e-04
140.8353577,1.0602e-03
140.8441162,8.1413e-04
140.9007111,8.4857e-04
140.9029236,8.4050e-04
140.9417114,7.3925e-04
140.9438782,8.4320e-04
140.9636688,8.0266e-04
140.9758148,6.9354e-04
140.9776917,1.8052e-02
141.0051880,8.7713e-04
141.0196686,4.8372e-03
141.0296631,1.3026e-03
141.0328522,7.8596e-04
141.1389313,8.7763e-04
141.1790314,1.1207e-03
141.1892090,1.0172e-02
141.2358093,8.5387e-04
141.2592163,7.7851e-04
141.2613525,7.1569e-04
141.3368378,7.7482e-04
141.3389893,9.4114e-04
141.3539429,8.5690e-04
141.3701477,1.6875e-03
141.3886261,7.6394e-04
141.3906708,8.5711e-04
141.3964996,7.5343e-04
141.4077606,8.0025e-04
141.4191742,8.6969e-04
141.4276428,7.6652e-04
141.4438477,8.4524e-04
141.4496460,8.8093e-04
141.4798126,1.5641e-02
141.5428925,7.5115e-04
141.5450897,6.9853e-04
141.5611725,8.6532e-04
141.5823212,1.4282e-03
141.5926971,9.6184e-04
141.6026764,7.6845e-04
141.6047974,1.0898e-03
141.6073761,8.5652e-04
141.6567078,8.9044e-04
141.6677856,8.4442e-04
141.6701508,7.4683e-04
141.7372131,8.9968e-04
141.7673187,1.0182e-03
141.7704773,8.0422e-04
141.7879639,7.8538e-04
141.7975006,9.2684e-04
141.7998657,9.4752e-04
141.8021851,8.8951e-04
141.8043976,7.7632e-04
141.8063812,8.5855e-04
141.8291168,1.0076e-03
141.8322601,8.4184e-04
141.8343964,7.8657e-04
141.8364563,1.6438e-03
141.9290466,7.9331e-04
141.9670258,8.4626e-04
141.9741821,9.2034e-04
141.9906464,7.6729e-04
141.9965820,8.6182e-04
141.9989166,8.4593e-04
142.0010986,9.2546e-04
142.0365295,1.6322e-03
142.0395508,7.9603e-04
142.0418549,1.7620e-03
142.0449219,8.4691e-04
142.0472717,7.6288e-04
142.0501251,9.8786e-04
142.0557404,7.9145e-04
142.0582428,8.0692e-04
142.0772247,7.6156e-04
142.0952606,7.7532e-04
142.0974884,7.1690e-04
142.1114197,1.0014e-03
142.1241760,8.5232e-04
142.2032928,1.1404e-03
142.2460632,8.6740e-04
142.2484589,9.0950e-04
142.2518005,8.3407e-04
142.3035889,1.0588e-03
142.3304291,8.7751e-04
142.3359985,9.0105e-04
142.3387146,7.3959e-04
142.3539124,7.2659e-04
142.3833618,8.0198e-04
142.4491882,8.9834e-04
142.4531097,8.6415e-04
142.5014954,8.1006e-04
142.5036774,1.1255e-03
142.5064240,1.0176e-03
142.5088806,8.1077e-04
142.5207367,6.9905e-04
142.5363159,7.6205e-04
142.5382843,4.0033e-03
142.5437775,8.3931e-04
142.5464020,7.9756e-04
142.5592957,8.6897e-04
142.5701447,9.1877e-04
142.5898438,8.2150e-04
142.5919495,8.3280e-04
142.5939941,7.6152e-04
142.6487732,9.3966e-04
142.6809082,1.3752e-03
142.6838837,7.8175e-04
142.7258911,7.9498e-04
142.7416992,9.2503e-04
142.7443237,8.7952e-04
142.7465668,8.3476e-04
142.7487335,7.3657e-04
142.7506409,8.2957e-04
142.7529144,1.5943e-03
142.7557373,8.0532e-04
142.7766571,8.0275e-04
142.7790833,7.9383e-04
142.7925262,8.5799e-04
142.7945404,7.4833e-04
142.7967529,1.0766e-03
142.7989502,7.1588e-04
142.8160858,1.3167e-03
142.8302460,7.4513e-04
142.8457031,1.6142e-03
142.8529053,9.5171e-03
142.8643036,8.1519e-04
142.8776398,7.9328e-04
142.8811188,8.0475e-04
142.8878937,9.9155e-04
142.9102478,1.0283e-02
142.9304657,8.2853e-04
142.9325562,7.9239e-04
142.9346619,8.5750e-04
142.9367218,8.3351e-04
142.9389343,6.9894e-04
142.9409790,8.6231e-04
142.9430237,1.0357e-03
142.9611664,7.5432e-04
142.9690094,8.6649e-04
142.9843140,8.2785e-04
142.9865570,9.3296e-04
143.0025940,7.4984e-04
143.0264587,1.9386e-02
143.0474548,9.7504e-04
143.0751495,8.6956e-04
143.0775909,8.2333e-04
143.0797272,8.5846e-04
143.0824127,9.4338e-04
143.0847015,7.7299e-04
143.1045837,8.6294e-04
143.1067963,7.7248e-04
143.1090546,1.0088e-03
143.1168060,7.7670e-04
143.1251984,8.2514e-04
143.1272736,2.4583e-03
143.1313934,7.8847e-04
143.1334381,1.0804e-03
143.1481628,8.7272e-04
143.1730957,7.8010e-04
143.2184601,7.5920e-04
143.2339630,8.3154e-04
143.2361298,7.2492e-04
143.2380676,7.8509e-04
143.2442017,8.6141e-04
143.3685455,7.8822e-04
143.3708801,7.2088e-04
143.3918610,7.9421e-04
143.4145660,8.8337e-04
143.4304047,7.4850e-04
143.4470062,4.5214e-03
143.4674225,8.4783e-04
143.4778748,8.4717e-04
143.4973755,8.6866e-04
143.4996948,7.4212e-04
143.5018158,7.8853e-04
143.5039978,8.2215e-04
143.5065918,7.8873e-04
143.5088196,7.7034e-04
143.5111084,7.0609e-04
143.5296783,1.1308e-03
143.5322876,8.0013e-04
143.5345001,8.8096e-04
143.5369568,8.0138e-04
143.5389709,7.5826e-04
143.5410156,7.5519e-04
143.5430298,1.0379e-03
143.5454865,8.6546e-04
143.5475311,7.6956e-04
143.5624237,7.6334e-04
143.5645905,7.4970e-04
143.5666351,7.6646e-04
143.5690918,7.5483e-04
143.5866394,7.9655e-04
143.5887299,7.9443e-04
143.5908203,6.9425e-04
143.5927734,8.3924e-04
143.5949097,6.8262e-04
143.6077118,7.4371e-04
143.6231537,7.3214e-04
143.6250458,7.3047e-04
143.6270294,8.6325e-04
143.6403351,8.4477e-04
143.6755066,9.1617e-04
143.6778870,1.7424e-03
143.6818542,8.2088e-04
143.6839752,7.7031e-04
143.6860809,4.6290e-03
143.7251434,7.5661e-04
143.7273407,7.8229e-04
143.7407990,8.9007e-04
143.7723236,7.0894e-04
143.7772675,7.7530e-04
143.7945099,8.6129e-04
143.8399048,1.0933e-03
143.8719177,9.4131e-04
143.8868713,7.7035e-04
143.8891296,7.4650e-04
143.9261017,7.0883e-04
143.9454498,7.4934e-04
143.9573822,1.0070e-03
143.9597778,8.3874e-04
143.9747314,9.1714e-04
143.9779358,7.0659e-04
143.9959259,8.2532e-04
144.0055542,7.4459e-04
144.0209961,7.4403e-04
144.0229187,8.9102e-04
144.0384064,7.6029e-04
144.0521698,7.8089e-04
144.0545959,7.1169e-04
144.1602783,8.2052e-04
144.1982422,8.3279e-04
144.2003937,8.1374e-04
144.2024231,1.2658e-02
144.2167053,7.5760e-04
144.2356567,8.3296e-04
144.2413635,7.2385e-04
144.2581787,7.3870e-04
144.2604523,7.0292e-04
144.2713318,7.7638e-04
144.2734985,8.1374e-04
144.2755432,8.4217e-04
144.2776337,9.0480e-04
144.2830200,7.2060e-04
144.2851715,7.6349e-04
144.2872314,1.1195e-03
144.2896729,7.9720e-04
144.2916718,8.0447e-04
144.2936554,8.2868e-04
144.2957458,8.6734e-04
144.2978363,8.3206e-04
144.3764954,8.2478e-04
144.3788300,8.2529e-04
144.3918457,8.4212e-04
144.3982239,8.2211e-04
144.4004517,7.6129e-04
144.4025116,8.8050e-04
144.4048767,6.9764e-04
144.4069061,6.8757e-04
144.4089355,9.3044e-04
144.4170227,7.7779e-04
144.4191284,7.5640e-04
144.4454346,9.1277e-04
144.4476776,1.1475e-03
144.4505005,8.7376e-04
144.4527435,8.0272e-04
144.4669800,8.2810e-04
144.4690857,7.8719e-04
144.4711304,8.9146e-04
144.4772339,8.9258e-04
144.4794312,6.9064e-04
144.5078125,9.5726e-04
144.5146332,8.8354e-04
144.5169373,9.0395e-04
144.5192261,7.5829e-04
144.5212250,6.7042e-04
144.5367279,7.9451e-04
144.5387878,7.6241e-04
144.5555878,8.5785e-04
144.5599823,6.7154e-04
144.5641937,7.4115e-04
144.5736694,7.7876e-04
144.5864716,7.6525e-04
144.6041412,6.9164e-04
144.6062317,7.9150e-04
144.6082153,7.2084e-04
144.6184082,9.7519e-04
144.6407471,8.4464e-04
144.6576233,8.3522e-04
144.6979218,6.9973e-04
144.7773132,7.8330e-04
144.7919769,7.4850e-04
144.7939453,6.8461e-04
144.8203430,8.0355e-04
144.8227386,6.6535e-04
144.8365784,8.6540e-04
144.8522644,8.9219e-04
144.8850555,1.0828e-03
144.8882294,9.9931e-04
144.9201965,6.6874e-04
144.9524536,7.4038e-04
144.9858551,7.7314e-04
145.0005188,8.0737e-04
145.0187073,8.8410e-04
145.0211792,7.0670e-04
145.0382538,7.9333e-04
145.0548706,8.6848e-04
145.0821228,8.6774e-04
145.0967102,1.2080e-02
145.1110535,1.0028e-03
145.1140594,9.2869e-04
145.1526031,8.4687e-04
145.1661987,1.0470e-03
145.1864929,1.0345e-03
145.1891632,7.2664e-04
145.1913757,9.1868e-04
145.1935883,8.3129e-04
145.1958466,7.4227e-04
145.1979218,8.3580e-04
145.2184143,7.2209e-04
145.2205353,7.6153e-04
145.2227783,6.7022e-04
145.2246552,9.0389e-04
145.2292480,7.0502e-04
145.2312775,8.5589e-04
145.2336884,1.0658e-03
145.2446594,9.2446e-04
145.2964630,9.5684e-04
145.3164062,8.4095e-04
145.3186493,7.9785e-04
145.3444672,1.0766e-03
145.3576660,8.7874e-04
145.3597412,1.1648e-03
145.3648987,7.0373e-04
145.3774719,8.2364e-04
145.3798065,8.2034e-04
145.3819580,8.0102e-04
145.4003906,7.1618e-04
145.4024506,7.1759e-04
145.4044647,7.4245e-04
145.4804535,6.9505e-04
145.5042114,7.4679e-04
145.5207062,9.2581e-04
145.5406342,9.6696e-04
145.5581512,8.9305e-04
145.5998993,8.3386e-04
145.6191101,9.4378e-04
145.6318512,7.9085e-04
145.6657715,8.4556e-04
145.6798248,1.2890e-03
145.7179260,9.7145e-04
145.7308807,7.5398e-04
145.7549133,9.0827e-04
145.7651367,7.3137e-04
145.7672424,8.3829e-04
145.7814484,9.1942e-04
145.7983093,8.6076e-04
145.8242340,7.2806e-04
145.8375244,7.2455e-04
145.8723450,6.7657e-04
145.8917084,8.9297e-04
145.9065704,7.6608e-04
145.9717712,9.0433e-04
146.0099182,8.2591e-04
146.0453339,1.0141e-03
146.0889130,9.3780e-04
146.1729584,7.2684e-04
146.2156219,8.0354e-04
146.2178650,8.7409e-04
146.2558136,1.0704e-03
146.3014679,2.1834e-03
146.3963928,9.2003e-04
146.4454803,8.7207e-04
146.4649811,6.8090e-04
146.4740143,7.4059e-04
146.4761505,8.2797e-04
146.4782257,6.9956e-04
146.4886322,7.0998e-04
146.5137177,8.4150e-04
146.5156708,2.6584e-03
146.5196381,7.1118e-04
146.5302429,8.5432e-04
146.5382385,8.3891e-04
146.5414124,7.4337e-04
146.5597534,7.1917e-04
146.5758209,7.7914e-04
146.5880737,8.9520e-04
146.5905151,8.8989e-04
146.6101227,8.5061e-04
146.6427460,8.0503e-04
146.6454010,9.4237e-04
146.6670227,8.7556e-04
146.6762238,8.2161e-04
146.6784668,8.9205e-04
146.6806641,1.0240e-03
146.7034302,8.6210e-04
146.7526245,8.0314e-04
146.7657928,8.1843e-04
146.7868347,9.5258e-04
146.8511810,7.0998e-04
146.9459686,9.7188e-04
146.9627380,7.9403e-04
146.9768677,7.2502e-04
146.9877777,8.0914e-04
147.0537872,7.4725e-04
147.0560303,8.7981e-04
147.0855713,1.0960e-03
147.1144714,7.9189e-04
147.1819000,1.0595e-03
147.1978760,8.3186e-04
147.2077484,1.0070e-02
147.2205811,9.2055e-04
147.2506256,7.4613e-04
147.2720947,6.9881e-04
147.2920227,7.3934e-04
147.3012085,6.9141e-04
147.3031769,8.8805e-04
147.3053741,8.1413e-04
147.3193970,7.3169e-04
147.3738556,7.4160e-04
147.3761292,7.6783e-04
147.3786469,7.4004e-04
147.3806000,7.3298e-04
147.3828583,7.7972e-04
147.4017181,6.7406e-04
147.4109039,6.8560e-04
147.4418488,7.6970e-04
147.4438171,7.4390e-04
147.4458923,7.7407e-04
147.4482269,8.0109e-04
147.4505615,8.1158e-04
147.5020905,6.7440e-04
147.5198975,9.0610e-04
147.5272217,7.7175e-04
147.5294342,7.2839e-04
147.5475006,7.7096e-04
147.5568085,7.6065e-04
147.5590363,1.6622e-03
147.5619507,7.6656e-04
147.5640717,8.1286e-04
147.5770264,8.2832e-04
147.5976410,6.7518e-04
147.5995636,7.7028e-04
147.6193848,8.1422e-04
147.6216431,7.4156e-04
147.6235504,7.8976e-04
147.6420593,9.5246e-04
147.6443634,7.0271e-04
147.6463928,7.0759e-04
147.6484375,8.1001e-04
147.6504364,7.3979e-04
147.6524200,6.7858e-04
147.6731873,8.1056e-04
147.6752472,8.2899e-04
147.6774445,8.6684e-04
147.6804352,7.8516e-04
147.6829987,9.5155e-04
147.6856384,8.6527e-04
147.6883240,8.0459e-04
147.6961365,6.4963e-04
147.6980438,8.0121e-04
147.7118988,8.0397e-04
147.7139435,8.0000e-04
147.7159576,7.4968e-04
147.7184143,7.1840e-04
147.7204437,6.6325e-04
147.7223969,7.6257e-04
147.7244263,7.6050e-04
147.7263489,8.9602e-04
147.7444000,8.3046e-04
147.7465210,8.9437e-04
147.7487793,8.0356e-04
147.7508545,8.4411e-04
147.7528992,8.1596e-04
147.7631683,8.7129e-04
147.7652893,8.0742e-04
147.7674561,9.3761e-04
147.7774963,1.0078e-03
147.7797852,9.5512e-04
147.7820740,8.6940e-04
147.7844696,9.2170e-04
147.7898102,9.2638e-04
147.7920380,8.9959e-04
147.7940521,8.5307e-04
147.8052368,9.2311e-04
147.8229218,9.0056e-04
147.8818359,7.0242e-04
147.9108124,7.0779e-04
147.9127960,8.0311e-04
147.9149170,7.0748e-04
147.9574280,6.5926e-04
147.9595795,7.8302e-04
147.9645081,7.3387e-04
147.9786835,7.4119e-04
148.0049133,8.1900e-04
148.0127563,9.3428e-04
148.0148010,8.4387e-04
148.0276031,7.8999e-04
148.0299377,7.5201e-04
148.0542145,7.2329e-04
148.0563812,9.2869e-04
148.0694122,1.6413e-03
148.0943451,8.1557e-04
148.1294403,9.3486e-04
148.1671143,8.1659e-04
148.1941528,8.0020e-04
148.1962280,7.3968e-04
148.2069855,8.0487e-04
148.2208099,7.9732e-04
148.2230988,1.2212e-03
148.2270660,7.4768e-04
148.2293549,6.9400e-04
148.2531128,7.8777e-04
148.2797546,8.6972e-04
148.2977600,9.2555e-04
148.2999420,7.0460e-04
148.3019562,7.3374e-04
148.3040771,8.6399e-04
148.3062286,9.6532e-04
148.3376312,6.7741e-04
148.3514862,7.0580e-04
148.3533936,7.3078e-04
148.4060364,7.1405e-04
148.4410706,9.9205e-04
148.4703369,9.4633e-04
148.4971771,7.6923e-04
148.5111389,9.0496e-04
148.5137634,9.2198e-04
148.5260315,8.4039e-04
148.5443573,8.1937e-04
148.5466461,7.5616e-04
148.5652008,4.2841e-03
148.5712891,8.0032e-04
148.5733185,8.1768e-04
148.5760803,9.4380e-04
148.6336060,8.3291e-04
148.6872406,7.5513e-04
148.6962128,8.6408e-04
148.7354431,1.0799e-03
148.7492218,9.0508e-04
148.7764435,8.4214e-04
148.7784729,6.7386e-04
148.7808380,7.6264e-04
148.7972870,8.3766e-04
148.7993774,9.4858e-04
148.8454132,1.0558e-03
148.8934479,8.6365e-04
148.8982697,8.3567e-04
148.9081726,9.3460e-04
148.9105988,8.6061e-04
148.9584961,7.9819e-04
148.9726410,1.2583e-03
148.9940186,1.2631e-03
149.0116119,1.1019e-03
149.0357971,9.2581e-04
149.0556488,7.8319e-04
149.0577240,7.3981e-04
149.0921631,8.4446e-04
149.1336670,8.3830e-04
149.1362152,7.8999e-04
149.1383667,6.4009e-04
149.1401978,8.3279e-04
149.1556396,8.4489e-04
149.1984863,8.2068e-04
149.2007141,8.9170e-04
149.2030029,7.4031e-04
149.2137146,8.3914e-04
149.2387390,8.5043e-04
149.2519989,7.7070e-04
149.2562408,8.0976e-04
149.2740173,6.8239e-04
149.2758942,7.0041e-04
149.2817993,7.6350e-04
149.2840576,8.3690e-04
149.2995453,7.6057e-04
149.3548279,9.2978e-04
149.3684845,9.2438e-04
149.3712769,7.6119e-04
149.3995819,1.0350e-03
149.4318390,8.0230e-04
149.4434967,7.4308e-04
149.4458923,8.4379e-04
149.4618835,7.9486e-04
149.4638977,7.0197e-04
149.4750977,7.5166e-04
149.4920654,7.5810e-04
149.5077972,7.3290e-04
149.5261230,8.2297e-04
149.5500946,8.7552e-04
149.5659485,8.7277e-04
149.5761414,8.1786e-04
149.5885925,8.6011e-04
149.5908356,8.1130e-04
149.5941010,7.7001e-04
149.5962524,8.8349e-04
149.6107483,8.6656e-04
149.6242371,7.6193e-04
149.6523590,8.7959e-04
149.6810913,7.5985e-04
149.6829681,6.8475e-04
149.6848602,7.1099e-04
149.6869659,8.1696e-04
149.6889496,7.1726e-04
149.6908875,8.5041e-04
149.6930847,8.0058e-04
149.6953430,9.0684e-04
149.7340698,7.7665e-04
149.7476501,7.4023e-04
149.7496338,6.8848e-04
149.7516022,7.3255e-04
149.7535858,9.5442e-04
149.7582703,7.7295e-04
149.7752228,8.2335e-04
149.7919006,7.8268e-04
149.8078003,1.5302e-03
149.8205414,9.4311e-04
149.8227844,8.1479e-04
149.8248901,7.9683e-04
149.8270416,8.1590e-04
149.8668823,7.3409e-04
149.8763580,7.0787e-04
149.8782806,7.7132e-04
149.8890228,8.6303e-04
149.8985291,7.0885e-04
149.9138641,1.5496e-03
149.9456024,7.2108e-04
149.9525757,8.9057e-04
149.9547272,7.0133e-04
149.9715729,7.4327e-04
150.0324554,8.5713e-04
150.1819763,9.3147e-04
150.2405243,7.3725e-04
150.2558136,6.8228e-04
150.2579346,6.8004e-04
150.2707214,8.7275e-04
150.2806549,6.7593e-04
150.3173828,8.4264e-04
150.3290100,8.4135e-04
150.3315735,7.8230e-04
150.3429260,9.3054e-04
150.3453217,8.2674e-04
150.3473358,6.9979e-04
150.3795624,1.0383e-03
150.3949890,7.8156e-04
150.3972321,9.8417e-04
150.4069214,7.6752e-04
150.4337616,6.1623e-04
150.4430847,7.6241e-04
150.4615936,8.0967e-04
150.5020142,9.6344e-04
150.5432587,8.0188e-04
150.5755463,8.3248e-04
150.6076508,7.4522e-04
150.6593933,9.1027e-04
150.6615295,8.0228e-04
150.6741791,6.9445e-04
150.6771393,1.2730e-03
150.6973877,7.3141e-04
150.6992798,8.6517e-04
150.7140656,6.8818e-04
150.7161407,8.3513e-04
150.7180634,7.7296e-04
150.7202301,8.8872e-04
150.7468719,7.6788e-04
150.7488251,7.2704e-04
150.7989502,6.9958e-04
150.8181152,7.0305e-04
150.8202362,7.2596e-04
150.8223267,7.5335e-04
150.8319855,7.5870e-04
150.8411713,1.0838e-03
150.8545685,8.2849e-04
150.8569946,8.8412e-04
150.8744049,8.2053e-04
150.8937378,8.2597e-04
150.8960571,6.9139e-04
150.9084015,8.5349e-04
150.9242554,7.2709e-04
150.9266357,7.7653e-04
150.9288788,1.1393e-03
150.9480286,8.3064e-04
150.9755707,7.7342e-04
150.9776306,7.5162e-04
150.9795837,8.3464e-04
151.0099182,6.8866e-04
151.0119629,8.5356e-04
151.0144043,1.1370e-03
151.0184326,7.4565e-04
151.0247650,7.5933e-04
151.0434418,8.1564e-04
151.0456848,7.6709e-04
151.0711823,7.2775e-04
151.0730896,7.4614e-04
151.0908508,8.2674e-04
151.1062469,9.4195e-04
151.1417999,7.9660e-04
151.1602020,8.1694e-04
151.1623840,8.2278e-04
151.1645355,7.7235e-04
151.1665649,7.7157e-04
151.1685638,8.5144e-04
151.1889191,7.4962e-04
151.2075958,7.4469e-04
151.2404022,8.3083e-04
151.2425537,6.8374e-04
151.2444153,7.3605e-04
151.2463531,7.1798e-04
151.2484131,7.4275e-04
151.2610321,8.0265e-04
151.2876892,7.8217e-04
151.2900238,1.0461e-03
151.3041077,7.1618e-04
151.3194275,1.0987e-03
151.3305054,9.3493e-04
151.3523712,7.7599e-04
151.3656006,7.2534e-04
151.3739624,7.8057e-04
151.4118195,6.8722e-04
151.4319763,7.6428e-04
151.4667969,7.2304e-04
151.4836731,7.7928e-04
151.4987946,8.4954e-04
151.5144653,9.2734e-04
151.5325928,7.9436e-04
151.5387573,7.5602e-04
151.5409393,7.6241e-04
151.5431366,8.9534e-04
151.5453644,7.1391e-04
151.5612946,8.5025e-04
151.5882568,8.1841e-04
151.6090393,7.5479e-04
151.6605377,9.0143e-04
151.6721497,9.4484e-04
151.6904297,7.4147e-04
151.7114410,7.2085e-04
151.7136841,7.1959e-04
151.7158966,6.8581e-04
151.7248688,7.3543e-04
151.7270050,6.6060e-03
151.7646790,1.0011e-03
151.7683411,7.0379e-04
151.7857056,8.7492e-04
151.7898560,7.3450e-04
151.8190613,4.9568e-03
151.8333588,7.6699e-04
151.8354645,8.0957e-04
151.8404999,1.6352e-03
151.8692932,9.9860e-04
151.8858948,7.8816e-04
151.9071655,8.6286e-04
151.9271393,1.0219e-03
151.9432068,8.2661e-04
151.9588013,8.2193e-04
151.9969330,8.8698e-04
152.0418854,7.5130e-04
152.0716400,7.0252e-04
152.1081696,8.5792e-04
152.1261749,7.1237e-04
152.1282501,7.8578e-04
152.1430511,7.4106e-04
152.1451874,7.9810e-04
152.1640625,8.7227e-04
152.1809082,9.2206e-04
152.1912537,7.3460e-04
152.1934814,8.5721e-04
152.2248383,7.5164e-04
152.2274170,1.9235e-03
152.2312012,7.8718e-04
152.2331543,8.0116e-04
152.2351379,9.8789e-04
152.2375336,8.0114e-04
152.2398834,8.3090e-04
152.2560730,9.4028e-04
152.2582092,7.2820e-04
152.2716217,7.1196e-04
152.2836456,7.9555e-04
152.2903595,7.9707e-04
152.3066711,7.4748e-04
152.3088989,7.0248e-04
152.3114929,7.8025e-04
152.3310699,9.1257e-04
152.3458710,8.6540e-04
152.3481750,8.6321e-04
152.3507233,9.1525e-04
152.3528900,1.0580e-03
152.3879547,7.3317e-04
152.4633484,7.5849e-04
152.4823608,7.5257e-04
152.5001831,7.8010e-04
152.5134125,8.1415e-04
152.5156860,7.1527e-04
152.5236206,8.0684e-04
152.5398865,9.1676e-04
152.5640869,9.2276e-04
152.5857849,1.0988e-03
152.6136169,7.5877e-04
152.6576996,1.0630e-03
152.6603241,1.0317e-03
152.6625214,9.1090e-04
152.6647034,2.2107e-03
152.6901550,9.6323e-04
152.7297058,7.9152e-04
152.7459412,7.0530e-04
152.7546844,4.1640e-03
152.7601471,8.3213e-04
152.7754211,7.6668e-04
152.7856903,8.8535e-04
152.7879181,9.2039e-04
152.8083496,8.6184e-04
152.8107758,9.5994e-04
152.8130341,8.2796e-04
152.8150177,7.6853e-04
152.8505707,9.3937e-04
152.8793640,9.2951e-04
152.8962860,7.2579e-04
152.8981934,7.9852e-04
152.9573975,8.2807e-04
152.9904785,9.0887e-04
152.9972687,8.0363e-04
152.9995728,9.7050e-04
153.0018768,7.9839e-04
153.0038910,7.9012e-03
153.0387115,7.4518e-04
153.0666809,7.5443e-04
153.0910950,8.2238e-04
153.1298981,7.9166e-04
153.2419434,8.8255e-04
153.2912445,7.1890e-04
153.3067017,7.2941e-04
153.3188171,7.0055e-04
153.3639832,8.0792e-04
153.3885803,2.9482e-03
153.4064789,8.6413e-04
153.4212799,7.9718e-04
153.4620667,8.6745e-04
153.4752045,9.1984e-04
153.4775696,9.6482e-04
153.4920349,1.1988e-03
153.5117340,9.0016e-04
153.5147552,2.1712e-03
153.5229187,8.6749e-04
153.5362244,6.9432e-04
153.5412598,9.9368e-04
153.5435028,7.7704e-04
153.5453644,8.0301e-04
153.5476990,8.2750e-04
153.5640411,1.0517e-03
153.5757294,8.2690e-04
153.6107788,8.8180e-04
153.6650696,8.0319e-04
153.7205505,8.1299e-04
153.7293549,9.1675e-04
153.7317352,8.1185e-04
153.7425690,8.7712e-04
153.7446594,7.6291e-04
153.7893372,8.9605e-04
153.7984619,8.6810e-04
153.8007355,7.8012e-04
153.8026428,6.8483e-04
153.8090210,7.7005e-04
153.8419495,1.0547e-03
153.8560638,1.0942e-03
153.8588562,7.9774e-04
153.8905792,7.6954e-04
153.9241791,8.2745e-04
153.9263306,7.9912e-04
153.9283905,1.3536e-03
153.9910889,9.9231e-04
154.0048065,1.0575e-03
154.0149841,7.9884e-04
154.0171356,8.7284e-04
154.0526886,8.2291e-04
154.0647278,8.2001e-04
154.1248932,8.4862e-04
154.1404419,9.1048e-04
154.1577148,9.8729e-04
154.1823425,7.9523e-04
154.2077332,8.2729e-04
154.2232666,6.9799e-04
154.2255096,7.4190e-04
154.2277832,8.1638e-04
154.2391052,8.3090e-04
154.3034210,8.5179e-04
154.3129730,8.0077e-04
154.3150940,7.4954e-04
154.3987274,8.2742e-04
154.4092712,8.6611e-04
154.4114990,6.9766e-04
154.4134827,7.8207e-04
154.4154205,7.7529e-04
154.4388733,9.9482e-04
154.4511414,6.7564e-04
154.5047760,8.4590e-04
154.5080261,7.2097e-04
154.5248260,7.5704e-04
154.5608368,8.5566e-04
154.5658112,8.4417e-04
154.5682983,7.0138e-04
154.5702362,7.1004e-04
154.5723419,8.0922e-04
154.5746002,7.5313e-04
154.5767822,7.8824e-04
154.5788116,7.0105e-04
154.5809326,7.1511e-04
154.5829620,7.6065e-04
154.5852966,7.6691e-04
154.5873718,8.4364e-04
154.6033630,9.3083e-04
154.6056061,6.6797e-04
154.6305237,8.2001e-04
154.6584320,8.2660e-04
154.6776886,8.3189e-04
154.6916504,8.3661e-04
154.7066803,7.6026e-04
154.7141571,8.6401e-04
154.7162476,7.9785e-04
154.7446899,8.1625e-04
154.7469330,6.8252e-04
154.7663879,7.9420e-04
154.7688293,7.7183e-04
154.7759857,8.9739e-04
154.7784882,1.0044e-03
154.7807465,7.7123e-04
154.7916107,8.2675e-04
154.7938385,8.8913e-04
154.7981567,7.7204e-04
154.8000641,7.2658e-04
154.8119965,8.5177e-04
154.8143311,7.5796e-04
154.8746796,7.5996e-04
154.8825531,7.4417e-04
154.8845520,7.1411e-04
154.9007416,7.2125e-04
154.9073792,7.7493e-04
154.9092560,7.3104e-04
154.9240265,8.1905e-04
154.9587555,8.6204e-04
155.0379944,7.2979e-04
155.0517273,9.3291e-04
155.0538788,8.1250e-04
155.0714111,4.9984e-03
155.1179504,6.8979e-04
155.1462097,8.5445e-04
155.1604004,8.8964e-04
155.1631317,8.0897e-04
155.1674500,7.7552e-04
155.1769714,8.1902e-04
155.1851501,8.5806e-04
155.2210999,8.6121e-04
155.2351990,7.2056e-04
155.2493744,6.7616e-04
155.2805786,6.9254e-04
155.3016205,6.5305e-04
155.3278503,7.3636e-04
155.3299866,7.3893e-04
155.3325348,6.9518e-04
155.3412781,7.2536e-04
155.3657227,7.9246e-04
155.4075775,7.1011e-04
155.4425507,7.3537e-04
155.4447784,7.9066e-04
155.4467926,8.0958e-04
155.4487610,6.0489e-04
155.4505615,7.3057e-04
155.4738770,8.4182e-04
155.4981689,7.7858e-04
155.5252838,7.2185e-04
155.5273743,7.0016e-04
155.5295105,7.7564e-04
155.5314636,6.7110e-04
155.5551453,8.4107e-04
155.6242371,7.3407e-04
155.6385956,9.8841e-04
155.6736298,7.6570e-04
155.6910248,7.9235e-04
155.6932220,8.5557e-04
155.7127533,7.0985e-04
155.7148590,7.4365e-04
155.7332764,7.9524e-04
155.7575684,6.7519e-04
155.7901764,6.6274e-04
155.8055420,6.7656e-04
155.8519592,6.9147e-04
155.8884277,7.6640e-04
155.8943176,7.8564e-04
155.9028473,8.5149e-04
155.9100037,8.0724e-04
155.9227905,7.3745e-04
155.9246826,7.0278e-04
155.9372101,7.2815e-04
155.9583740,7.6873e-04
155.9673615,7.8317e-04
155.9869843,8.2749e-04
156.0010529,7.0806e-04
156.0031433,7.3283e-04
156.0050201,7.1286e-04
156.0068359,7.0524e-04
156.0086975,6.2845e-04
156.0104675,7.6817e-04
156.0126648,7.1025e-04
156.0277557,7.0209e-04
156.0677795,7.3094e-04
156.0702209,7.1399e-04
156.0875702,7.2011e-04
156.1118469,6.9489e-04
156.1402893,7.5877e-04
156.1424561,6.2895e-04
156.1442719,7.7419e-04
156.1462097,9.6845e-04
156.2206726,6.8363e-04
156.2430115,8.3017e-04
156.2935181,6.6130e-04
156.3094788,7.2041e-04
156.3122253,6.8436e-04
156.3270111,7.2907e-04
156.3290710,6.8385e-04
156.3309174,6.8726e-04
156.3361969,7.7169e-04
156.3384247,8.6774e-04
156.3544922,7.2889e-04
156.3564148,7.5825e-04
156.3583374,7.7161e-04
156.3737640,6.9014e-04
156.3907166,6.7826e-04
156.4072266,7.3572e-04
156.4092407,6.9284e-04
156.4260101,6.8428e-04
156.4574738,7.3739e-04
156.4594879,7.2578e-04
156.4660187,7.4896e-04
156.4686890,8.7440e-04
156.4709473,8.5763e-04
156.4730377,7.3165e-04
156.4840393,7.1000e-04
156.4860687,7.1863e-04
156.4878998,8.3379e-04
156.4898529,8.7198e-04
156.5182495,8.9252e-04
156.5204773,7.7551e-04
156.5381470,7.4565e-04
156.5512085,8.1798e-04
156.5643921,7.4120e-04
156.5663300,7.3833e-04
156.5792084,7.4443e-04
156.5913696,9.0916e-04
156.5936737,7.2633e-04
156.5957642,7.1794e-04
156.5977173,7.6516e-04
156.6099091,7.1559e-04
156.6264648,7.0652e-04
156.6284637,1.1305e-03
156.6557465,8.2463e-04
156.6759796,7.0790e-04
156.6779785,7.7655e-04
156.6798706,7.5885e-04
156.7021027,7.6753e-04
156.7133026,8.5806e-04
156.7154236,7.0114e-04
156.7351532,6.9813e-04
156.7371979,7.4690e-04
156.7501068,8.4396e-04
156.7521973,9.0108e-04
156.7776031,7.3333e-04
156.7795105,6.5401e-04
156.7814789,7.1960e-04
156.7834015,7.2303e-04
156.7854309,6.6507e-04
156.7873535,7.3064e-04
156.7892609,7.1466e-04
156.7912140,6.9037e-04
156.8032837,8.4406e-04
156.8054504,7.8791e-04
156.8074341,6.9389e-04
156.8093109,7.6081e-04
156.8112030,6.6977e-04
156.8131561,7.0346e-04
156.8152313,7.4663e-04
156.8277283,7.2513e-04
156.8694153,9.4379e-04
156.8716888,8.2949e-04
156.8884277,7.5231e-04
156.9018707,8.8442e-04
156.9110413,8.5978e-04
156.9135895,8.2025e-04
156.9159393,8.3350e-04
156.9181824,8.0612e-04
156.9204407,7.4302e-04
156.9223785,6.5718e-04
156.9245453,8.6102e-04
156.9265137,6.9274e-04
156.9284210,7.4376e-04
156.9304352,6.7843e-04
156.9325409,6.1771e-04
156.9345245,7.1653e-04
156.9364929,7.0217e-04
156.9383087,6.5190e-04
156.9403687,6.5556e-04
156.9420929,6.1068e-04
156.9439087,7.3743e-04
156.9457550,6.7642e-04
156.9475708,6.1718e-04
156.9492493,6.2216e-04
156.9510040,6.8276e-04
156.9528198,7.0929e-04
156.9547729,7.8630e-04
156.9567108,7.2324e-04
156.9586945,7.0999e-04
156.9607544,6.6417e-04
156.9627380,7.0772e-04
156.9646149,7.9372e-04
156.9665375,7.1452e-04
156.9773865,7.0099e-04
156.9793243,7.8823e-04
156.9812469,7.0634e-04
156.9859619,6.2018e-04
156.9877777,6.4338e-04
156.9894867,6.6655e-04
156.9913483,7.0068e-04
156.9932251,6.8226e-04
156.9951324,6.6932e-04
157.0033875,1.9176e-03
157.0065002,7.4214e-04
157.0083923,6.7475e-04
157.0101318,7.2781e-04
157.0120239,6.6779e-04
157.0138245,1.0475e-03
157.0160217,6.5025e-04
157.0177917,6.5618e-04
157.0196075,6.4065e-04
157.0213928,6.2151e-04
157.0232697,7.5050e-04
157.0252228,6.7688e-04
157.0271301,6.4188e-04
157.0289459,6.8682e-04
157.0307770,7.3583e-04
157.0326385,7.2576e-04
157.0344849,7.2612e-04
157.0362244,7.7849e-04
157.0533600,7.3432e-04
157.0552521,6.7800e-04
157.0570526,6.8321e-04
157.0590668,7.0133e-04
157.0610657,6.5563e-04
157.1026001,7.6994e-04
157.1165619,7.2429e-04
157.1291046,7.3426e-04
157.1309814,6.6830e-04
157.1536255,7.1295e-04
157.1582489,7.4453e-04
157.1687622,6.8499e-04
157.1858826,8.2332e-04
157.2192993,6.8954e-04
157.2211151,6.7739e-04
157.2420959,6.7882e-04
157.2440796,6.6848e-04
157.2459564,6.4031e-04
157.2477875,6.6178e-04
157.2496185,6.5095e-04
157.2514801,7.0703e-04
157.2535095,7.2130e-04
157.3063202,7.3976e-04
157.3188934,8.1567e-04
157.3401642,7.3339e-04
157.3596954,6.5637e-04
157.3684082,7.7281e-04
157.3705902,7.1966e-04
157.3756104,6.4295e-04
157.3774261,7.1518e-04
157.3933868,6.4328e-04
157.3952637,6.9470e-04
157.4059906,6.6271e-04
157.4078674,6.1618e-04
157.4241486,7.5298e-04
157.4261017,6.8155e-04
157.4387970,7.4707e-04
157.4409790,7.6680e-04
157.4593658,8.1718e-04
157.4614868,9.2216e-04
157.4636841,6.9198e-04
157.4774323,7.4306e-04
157.4794769,7.2319e-04
157.4813843,6.8360e-04
157.4832153,7.1555e-04
157.4942932,6.9805e-04
157.5025635,8.3070e-04
157.5086517,6.8705e-04
157.5105286,7.7740e-04
157.5365143,6.6620e-04
157.5382996,6.5139e-04
157.5531921,6.7953e-04
157.5551910,7.3036e-04
157.5744171,7.8187e-04
157.5765839,7.6141e-04
157.5914764,7.7491e-04
157.5936279,7.6023e-04
157.6084900,7.2064e-04
157.6103973,7.4143e-04
157.6598511,7.4674e-04
157.6903992,7.5984e-04
157.6925812,8.0210e-04
157.6946259,7.2976e-04
157.7095642,6.9842e-04
157.7115784,8.5627e-04
157.7348175,7.9198e-04
157.7369385,7.5367e-04
157.7579193,7.0477e-04
157.7599030,9.2440e-04
157.7784271,7.1164e-04
157.7802429,6.9416e-04
157.8024139,8.1878e-04
157.8045959,7.8332e-04
157.8274231,7.7649e-04
157.8294525,6.8155e-04
157.8511353,7.0960e-04
157.8645630,8.2674e-04
157.8665466,6.8569e-04
157.8684540,6.5685e-04
157.8703156,6.8495e-04
157.8721771,6.9505e-04
157.8777924,9.9233e-04
157.8800659,6.5925e-04
157.8928375,6.9222e-04
157.8948669,7.1877e-04
157.9012451,8.4740e-04
157.9033508,7.1942e-04
157.9143982,8.1908e-04
157.9504089,6.9724e-04
157.9523621,7.1783e-04
157.9802704,9.1376e-04
158.0190430,6.9445e-04
158.0339203,9.9436e-04
158.0363464,9.9196e-04
158.0495911,6.9599e-04
158.0519867,8.1974e-04
158.0664368,7.8149e-04
158.0873413,4.1228e-03
158.1191406,9.1893e-04
158.1215363,7.5283e-04
158.1236420,8.8846e-04
158.1357574,7.9223e-04
158.1377716,8.5114e-04
158.1524811,8.6603e-04
158.1546936,7.6469e-04
158.1568146,8.2147e-04
158.1760864,7.5262e-04
158.1940460,8.3318e-04
158.2156219,1.2822e-03
158.2336121,7.3529e-04
158.2549133,7.3272e-04
158.2568970,7.7151e-04
158.2790375,9.5868e-04
158.2813721,7.1353e-04
158.2975006,1.4594e-03
158.3002625,1.0225e-03
158.3142090,7.0632e-04
158.3162079,7.3125e-04
158.3313141,7.6209e-04
158.3811035,8.2276e-04
158.3836823,1.3806e-03
158.4002075,7.1706e-04
158.4323730,8.0548e-04
158.4347382,9.5950e-04
158.4746246,1.9095e-03
158.4893188,8.4883e-04
158.5085754,9.1911e-04
158.5109711,8.3159e-04
158.5329590,8.2453e-04
158.5354156,7.8185e-04
158.5374908,7.2774e-04
158.5535736,9.1738e-04
158.5564423,7.0738e-04
158.5677185,1.0657e-03
158.5866089,7.6693e-04
158.6063843,8.1825e-04
158.6088867,7.1821e-04
158.6226807,7.2271e-04
158.6322021,9.0935e-04
158.6344299,8.0130e-04
158.6513367,7.8065e-04
158.7266541,6.8331e-04
158.7286224,7.1174e-04
158.8075714,7.7802e-04
158.8328552,7.3620e-04
158.8474884,6.5772e-04
158.8773956,7.2895e-04
158.8794861,7.4196e-04
158.8963623,8.2672e-04
158.9179382,7.6731e-04
158.9205170,7.5969e-04
158.9366760,7.2665e-04
158.9484558,8.1223e-04
158.9596252,6.8770e-04
158.9618378,1.0621e-03
158.9739227,7.3820e-04
158.9761200,6.5299e-04
158.9894104,7.2549e-04
158.9917908,7.5756e-04
159.0078583,8.1818e-04
159.0100250,8.9920e-04
159.0231171,6.8891e-04
159.0381927,8.0925e-04
159.0543060,7.5805e-04
159.0564575,9.1562e-04
159.0917511,7.0720e-04
159.1138458,7.3175e-04
159.1277924,6.9964e-04
159.1298676,7.2306e-04
159.1696320,7.4870e-04
159.1716309,7.0529e-04
159.1940002,7.5778e-04
159.2241821,7.1965e-04
159.2262726,6.4339e-04
159.2411346,7.8109e-04
159.2433929,7.2752e-04
159.2920227,7.6585e-04
159.2941132,8.1337e-04
159.3061981,7.7252e-04
159.3083954,6.7965e-04
159.3282776,7.4721e-04
159.3305206,8.1343e-04
159.3499451,6.7743e-04
159.3518829,7.0402e-04
159.3710632,7.6173e-04
159.3732758,7.1334e-04
159.3939209,7.3017e-04
159.3960571,7.3462e-04
159.4092102,7.2068e-04
159.4221497,7.6510e-04
159.4243469,7.6292e-04
159.4265137,6.6081e-04
159.4448090,6.5512e-04
159.4467468,7.4206e-04
159.4486694,7.0418e-04
159.4616394,7.6555e-04
159.4793243,7.0115e-04
159.4812622,7.4601e-04
159.5067902,8.3235e-04
159.5413361,7.6851e-04
159.5435333,8.3358e-04
159.5977020,6.7561e-04
159.6033783,6.9318e-04
159.6213074,6.8599e-04
159.6232147,6.9646e-04
159.6930084,7.6432e-04
159.6954346,6.7958e-04
159.7057037,8.1186e-04
159.7076874,6.5656e-04
159.7266235,7.3806e-04
159.7428284,6.9325e-04
159.7447968,7.5474e-04
159.7596588,6.9322e-04
159.7614594,7.1257e-04
159.7736206,7.0123e-04
159.7755737,1.1800e-03
159.7952576,7.6840e-04
159.7973022,7.1921e-04
159.8142700,7.5760e-04
159.8162994,6.7482e-04
159.8307800,6.8402e-03
159.8389435,6.5984e-04
159.8576050,7.4277e-04
159.8595428,9.0487e-04
159.9070129,6.7711e-04
159.9237976,9.6211e-04
159.9424591,6.8661e-04
159.9616394,8.4527e-04
159.9756317,6.9743e-04
159.9907990,1.2463e-03
160.0064545,7.7992e-04
160.0212097,6.8060e-04
160.0231934,6.9432e-04
160.0591736,7.3557e-04
160.1001892,8.5639e-04
160.1296082,8.1393e-04
160.1393738,6.2987e-04
160.1723785,7.1450e-04
160.1747284,7.2946e-04
160.1923218,6.7613e-04
160.2025299,8.1112e-04
160.2138672,7.5290e-04
160.2259674,7.7781e-04
160.2369537,7.8299e-04
160.2724762,7.0591e-04
160.2998657,6.8204e-04
160.3253937,6.5028e-04
160.3578949,7.7889e-04
160.3601379,7.1328e-04
160.3713531,8.9222e-04
160.3736267,7.5174e-04
160.3828430,9.0451e-04
160.3850403,7.2675e-04
160.3958740,6.3222e-04
160.4322510,8.0770e-04
160.4344635,3.0500e-03
160.4514771,7.5069e-04
160.4534302,7.1681e-04
160.4651947,7.3581e-04
160.4673767,7.7178e-04
160.4799652,7.3107e-04
160.4818878,7.6123e-04
160.4976807,7.1478e-04
160.4996796,7.2476e-04
160.5105743,7.3441e-04
160.5124817,7.3095e-04
160.5383759,1.2253e-03
160.5409698,7.2877e-04
160.5554504,7.7909e-04
160.5576324,7.1159e-04
160.5781708,7.9026e-04
160.5801086,6.9856e-04
160.5981445,7.4175e-04
160.6173401,7.3635e-04
160.6195679,7.9468e-04
160.6360016,6.7413e-04
160.6379395,7.1920e-04
160.6577454,8.7170e-04
160.6600647,7.1987e-04
160.6807709,7.2872e-04
160.6826324,6.4471e-04
160.6974030,6.9035e-04
160.6992188,7.2250e-04
160.7137756,6.7910e-04
160.7157288,7.3508e-04
160.7248383,6.8625e-04
160.7266846,6.9672e-04
160.7394867,7.1175e-04
160.7414093,6.7624e-04
160.7705536,9.3019e-04
160.7727356,8.0562e-04
160.8085938,6.9056e-04
160.8231659,7.0877e-04
160.8251648,7.7316e-04
160.8404388,6.9181e-04
160.8422394,7.3017e-04
160.8529968,7.7278e-04
160.8549500,7.6435e-04
160.8622131,7.0129e-04
160.8642578,6.8093e-04
160.8661499,7.3031e-04
160.8680115,6.8714e-04
160.8774261,8.0509e-04
160.8919067,7.8907e-04
160.8940430,6.8416e-04
160.9005432,7.3613e-04
160.9026184,7.0817e-04
160.9102173,6.9147e-04
160.9123383,6.6855e-04
160.9262238,6.9169e-04
160.9282684,1.1107e-03
160.9404297,7.4759e-04
160.9425049,8.0079e-04
160.9514771,7.1121e-04
160.9535828,6.4483e-04
160.9689026,7.3471e-04
160.9712524,9.0326e-04
161.0102692,7.1788e-04
161.0122070,6.4345e-04
161.0376129,7.7263e-04
161.0524597,7.1031e-04
161.0544128,6.9135e-04
161.0664673,6.6288e-04
161.0685730,8.1171e-04
161.0708618,7.2775e-04
161.0883179,8.6276e-04
161.1286163,7.2306e-04
161.1305084,7.5064e-04
161.1491547,1.4709e-03
161.1630707,7.1851e-04
161.1651001,7.5060e-04
161.1786804,1.0978e-03
161.1810150,7.3189e-04
161.1872711,8.5595e-04
161.1987610,7.9219e-04
161.2009277,6.4483e-04
161.2078857,7.8626e-04
161.2099609,7.4258e-04
161.2244568,7.7438e-04
161.2264404,6.8958e-04
161.2282257,7.2070e-04
161.2301025,7.9199e-04
161.2320251,7.6750e-04
161.2413788,7.5834e-04
161.2539215,7.0411e-04
161.2622833,8.1117e-04
161.3141174,8.1135e-04
161.3235321,5.5945e-03
161.3307037,7.6303e-04
161.3456421,8.0349e-04
161.3531494,7.1626e-04
161.3601837,7.8717e-04
161.3624420,7.4830e-04
161.3778381,8.3586e-04
161.3799744,7.7406e-04
161.3944550,7.8435e-04
161.4039154,7.3434e-04
161.4060516,7.7333e-04
161.4079437,6.8225e-04
161.4097595,7.0972e-04
161.4115753,7.1875e-04
161.4184570,7.5789e-04
161.4203644,7.2683e-04
161.4408417,7.2843e-04
161.4609528,7.7799e-04
161.4630585,7.5966e-04
161.4650421,7.1390e-04
161.4669952,7.4766e-04
161.4691010,8.3259e-04
161.4711761,8.0223e-04
161.4730835,7.4736e-04
161.4750671,7.8455e-04
161.4773407,7.3372e-04
161.4793549,6.9596e-04
161.4812012,7.0634e-04
161.4971924,7.9538e-04
161.5111542,7.4798e-04
161.5131226,7.0573e-04
161.5211639,8.3259e-04
161.5233307,7.7758e-04
161.5373840,7.2822e-04
161.5396118,7.4404e-04
161.5574951,7.4568e-04
161.5715179,7.6532e-04
161.5737457,6.9623e-04
161.5863495,8.3184e-04
161.5886536,7.3645e-04
161.6029053,7.9553e-04
161.6049347,6.7390e-04
161.6279297,7.5523e-04
161.6411896,7.2299e-04
161.6662903,7.3193e-04
161.6683350,7.4278e-04
161.7002563,8.2378e-04
161.7024078,6.8724e-04
