time,runtime
0.0000040,3.9377e-02
0.1305144,4.0566e-04
0.1628359,1.3417e-03
0.1794111,1.2248e-03
0.3054848,6.6941e-04
0.3081902,1.2320e-03
0.3352771,4.0738e-04
0.3378378,5.5569e-04
0.3417386,3.8938e-02
0.3827750,5.0202e-04
0.3852359,9.1034e-04
0.4090044,4.6576e-02
0.4573335,7.9104e-03
0.4667160,4.5196e-04
0.4688558,6.2225e-04
0.4819583,4.9279e-02
0.5523455,4.9847e-04
0.5544921,6.1848e-04
0.5570135,5.2234e-04
0.5761498,4.4047e-02
0.6900755,2.9610e-03
0.7013769,8.0572e-04
0.7042419,4.1483e-04
0.7060859,5.3457e-04
0.7312616,4.3894e-04
0.7332781,2.6740e-02
0.7760575,4.4744e-04
0.8295709,2.8354e-02
0.8748135,5.5402e-04
0.8863935,4.2736e-02
0.9459620,4.0672e-04
0.9739284,2.3144e-02
1.0070665,6.1075e-04
1.0345469,3.2609e-02
1.0785196,6.1478e-04
1.1014570,3.5412e-02
1.1776657,2.8945e-02
1.2223189,5.6555e-04
1.2256202,5.3746e-04
1.2400514,7.6270e-04
1.2514526,3.3225e-02
1.3025806,4.2593e-04
1.3236141,2.6175e-03
1.3426498,1.6192e-02
1.3702844,4.1131e-04
1.3905557,2.9781e-02
1.4353427,6.4407e-04
1.4556067,2.3665e-02
1.4974780,6.3102e-04
1.5149442,4.6238e-04
1.5344722,4.9766e-04
1.5395306,6.1111e-04
1.5504591,2.7896e-02
1.6051984,1.9268e-02
1.6402745,7.2812e-04
1.6614041,4.5473e-04
1.7025841,4.4482e-04
1.7174615,4.1986e-04
1.7355210,8.0203e-04
1.7523121,5.7746e-04
1.7571745,6.3156e-04
1.7760688,1.3519e-02
1.8076527,5.0260e-04
1.8099002,5.9870e-04
1.8120118,6.7589e-04
1.8304627,6.0173e-04
1.8465447,1.2357e-03
1.8620101,1.0557e-02
1.9072336,4.4992e-04
1.9232825,1.1048e-02
1.9548980,5.9370e-04
1.9729304,4.4991e-04
1.9752778,8.2039e-04
1.9894434,5.9081e-04
1.9919215,4.2741e-04
2.0052743,5.0376e-04
2.0073671,5.8386e-04
2.0227692,6.0014e-04
2.0252190,7.5248e-04
2.0453134,5.1378e-04
2.0588555,1.4934e-02
2.0971177,6.4210e-04
2.0995681,6.2124e-04
2.1145415,4.8903e-04
2.1246111,5.6353e-04
2.1468878,3.8276e-04
2.1787608,3.9699e-04
2.1980677,2.3935e-04
2.2225955,2.8641e-04
2.2444973,3.7516e-04
2.2534943,3.3802e-04
2.2942562,2.9087e-04
2.2962794,3.3673e-04
2.3189158,3.2866e-04
2.3373117,2.7867e-04
2.3515565,3.2041e-04
2.3565660,4.0224e-04
2.3590333,2.5440e-04
2.3609793,3.0549e-04
2.3743031,5.5326e-04
2.3930299,4.4845e-04
2.4055490,3.0795e-04
2.4218881,3.5118e-04
2.4383578,4.4608e-04
2.4708300,2.9088e-04
2.4883497,1.0667e-03
2.5071945,3.6024e-04
2.5312400,3.1749e-04
2.5432744,3.6893e-04
2.5710056,3.5074e-04
2.5942969,2.7403e-04
2.6065183,3.0881e-04
2.6216879,3.0809e-04
2.6368511,3.3649e-04
2.6475062,4.4564e-04
2.6617684,3.6036e-04
2.6842818,4.7722e-04
2.6871345,3.0426e-04
2.7038453,2.9780e-04
2.7211137,2.6310e-04
2.7317860,3.2357e-04
2.7341342,3.4435e-04
2.7537019,3.0659e-04
2.7554872,3.0513e-04
2.7719538,4.4981e-04
2.7876694,4.7962e-04
2.8049562,2.5406e-04
2.8241007,3.2288e-04
2.8975601,3.4903e-04
2.9123874,4.2645e-04
2.9149830,3.0744e-04
2.9275260,3.0559e-04
2.9595075,3.2254e-04
2.9612191,2.6405e-04
2.9767995,3.2242e-04
2.9981387,3.5899e-04
3.0172381,5.1869e-04
3.0370059,3.9524e-04
3.0390999,2.7372e-04
3.0552635,2.7142e-04
3.0676513,2.6629e-04
3.0763431,3.0397e-04
3.0784280,2.9372e-04
3.0941720,2.8839e-04
3.1152983,2.8674e-04
3.1396637,3.5558e-04
3.1503668,2.6387e-04
3.1713963,4.0061e-04
3.1735151,4.1799e-04
3.1831155,3.6458e-04
3.2023647,3.3140e-04
3.2204685,2.6566e-04
3.2379522,4.4198e-04
3.2423654,4.4478e-04
3.2447989,2.7459e-04
3.2598395,3.9578e-04
3.2769709,2.7719e-04
3.2923648,3.9367e-04
3.3059535,3.1030e-04
3.3245420,3.3645e-04
3.3374665,3.8966e-04
3.3487442,3.2354e-04
3.3666832,4.3704e-04
3.3779070,4.6014e-04
3.3928795,3.7240e-04
3.4114649,8.9276e-04
3.4219127,1.8969e-03
3.4398274,3.1292e-04
3.4685588,2.7177e-04
3.4834087,4.6859e-04
3.5004368,4.1323e-04
3.5138061,3.5283e-04
3.5306334,3.5362e-04
3.5439432,3.7944e-04
3.5591037,2.9503e-04
3.5771785,3.4253e-04
3.5907786,3.0631e-04
3.6099880,5.5135e-04
3.6265073,2.9853e-04
3.6458304,2.6231e-04
3.6562061,2.9322e-04
3.6647303,2.5076e-04
3.6823525,5.3529e-04
3.7014792,3.5576e-04
3.7307792,3.1421e-04
3.7454376,3.4625e-04
3.7644939,4.4723e-04
3.7668128,3.2606e-04
3.7818573,3.3305e-04
3.8142681,3.8820e-04
3.8165236,3.5787e-04
3.8306968,3.3825e-04
3.8482704,5.9568e-04
3.8579056,3.4798e-04
3.8753345,3.6048e-04
3.8775249,3.0713e-04
3.8916566,3.1443e-04
3.9003947,3.9386e-04
3.9194925,3.7049e-04
3.9345586,7.2598e-04
3.9368882,4.4338e-04
3.9553430,4.0200e-04
3.9611387,4.7818e-04
3.9784882,3.7241e-04
4.0307050,3.9952e-04
4.0442200,2.9153e-04
4.0608850,3.0759e-04
4.0631304,3.9935e-04
4.0887070,3.3951e-04
4.0906830,3.2404e-04
4.0929151,2.9971e-04
4.0949545,3.7602e-04
4.0970478,3.2242e-04
4.0990348,4.8474e-04
4.1012902,7.1115e-04
4.1218362,3.0470e-04
4.1272049,2.7859e-04
4.1290975,3.2032e-04
4.1311307,3.1897e-04
4.1517959,3.0268e-04
4.2112579,2.6123e-04
4.2133341,2.2674e-04
4.2567697,4.1995e-04
4.2693543,3.4496e-04
4.2763648,1.3733e-03
4.2793970,3.9614e-04
4.2818918,2.9973e-04
4.2870264,3.6905e-04
4.3021083,3.4627e-04
4.3267140,3.2135e-04
4.3393054,6.2686e-04
4.3875680,3.0041e-04
4.4347095,7.3483e-04
4.4635572,4.2234e-04
4.4659162,3.1221e-04
4.4807315,3.0669e-04
4.4944873,4.2565e-04
4.5168819,3.3537e-04
4.5310254,5.4716e-04
4.5519791,3.5637e-04
4.5750704,3.0320e-04
4.5927916,4.3037e-04
4.5946851,3.7821e-04
4.5967002,2.4493e-04
4.6871514,3.8003e-04
4.7172403,3.3301e-04
4.7318864,5.8272e-03
4.7428594,3.8454e-04
4.7648416,4.6172e-04
4.7801766,3.5832e-04
4.8141351,3.4284e-04
4.8164973,2.7229e-04
4.8328247,3.1243e-04
4.8480802,4.3351e-04
4.8503737,2.8798e-04
4.8739691,3.5484e-04
4.8758740,3.5936e-04
4.8777962,4.9303e-04
4.8971658,3.8362e-04
4.8994884,3.4166e-04
4.9014955,3.3229e-04
4.9068804,4.0782e-04
4.9089408,5.1438e-04
4.9114733,6.3392e-04
4.9136901,2.6838e-04
4.9156375,3.8378e-04
4.9178753,2.6058e-04
4.9734440,4.2380e-04
4.9871440,3.6810e-04
5.0218444,8.0514e-04
5.0245538,5.7391e-04
5.0266905,3.4677e-04
5.0285883,3.3886e-04
5.0305920,3.1238e-04
5.0325203,3.2969e-04
5.0349073,3.7938e-04
5.0376358,2.8291e-04
5.0397596,4.6039e-04
5.0419793,2.5508e-04
5.0607557,4.3973e-04
5.0632725,3.2697e-04
5.0659661,4.5342e-04
5.0704021,3.7016e-04
5.1045885,3.3669e-04
5.1069717,3.2017e-04
5.1096482,3.3383e-04
5.1351905,5.4075e-04
5.1372619,4.7631e-04
5.1398044,3.7178e-04
5.1532006,3.0942e-04
5.1724801,3.1211e-04
5.2744946,3.5051e-04
5.2768011,4.1199e-04
5.2792621,2.7023e-04
5.2812738,3.4378e-04
5.2830300,3.2493e-04
5.3046165,3.4304e-04
5.3089828,3.5297e-04
5.3283420,3.3670e-04
5.3388438,3.3151e-04
5.3409686,2.9249e-04
5.3727541,6.4067e-04
5.3987069,3.1364e-04
5.4008398,3.4725e-04
5.4061594,1.9937e-03
5.4103475,2.7887e-04
5.4122643,3.2774e-04
5.4243846,3.5293e-04
5.4416866,3.9113e-04
5.4571891,1.6870e-03
5.4626508,2.7519e-04
5.4650240,2.8705e-04
5.5019107,2.7920e-04
5.5113678,3.9804e-04
5.5132113,2.9410e-04
5.5238109,3.7374e-04
5.5521913,5.5639e-04
5.5726123,2.5938e-04
5.5786052,3.2315e-04
5.5833364,4.8608e-04
5.6045280,3.3658e-04
5.6220951,3.0254e-04
5.6389580,4.4667e-04
5.6451087,4.7123e-04
5.6487150,3.2066e-04
5.6508322,3.7578e-04
5.6589723,3.0363e-04
5.7032466,3.1475e-04
5.7307687,2.8438e-04
5.7328706,7.8081e-04
5.7578959,4.4419e-04
5.7740431,3.1412e-04
5.7761288,5.1929e-04
5.7909260,4.3832e-04
5.8011642,2.9453e-04
5.8098631,3.2916e-04
5.8175488,2.8355e-04
5.8491516,3.3665e-04
5.8708735,4.0168e-04
5.8878493,3.4766e-04
5.9010248,4.5565e-04
5.9093413,3.1415e-04
5.9273233,3.1773e-04
5.9296060,2.7616e-04
5.9489660,4.0715e-04
5.9658995,2.5030e-04
5.9977713,3.1014e-04
6.0127354,2.8760e-04
6.0242167,2.8230e-04
6.0414834,3.4931e-04
6.0575290,3.4339e-04
6.0787449,2.9339e-04
6.1003165,3.2681e-04
6.1140385,2.5890e-04
6.1302652,3.8313e-04
6.1326528,4.0395e-04
6.1441345,3.6420e-04
6.1529045,5.5658e-04
6.1670122,4.7342e-04
6.2216086,3.1457e-04
6.2372704,3.0982e-04
6.2410479,3.1769e-04
6.2434583,3.0857e-04
6.2646055,9.2243e-04
6.2813497,4.9265e-04
6.2835646,2.9277e-04
6.2903905,3.2864e-04
6.3047037,2.7150e-04
6.3066587,3.2356e-04
6.3202581,3.8257e-04
6.3686948,7.4952e-04
6.3890133,4.5089e-04
6.3910155,6.4490e-04
6.4238706,3.7194e-04
6.4671125,4.2017e-04
6.4859557,3.6448e-04
6.5012298,5.1932e-04
6.5135837,4.5877e-04
6.5364332,3.2315e-04
6.5645466,2.6679e-04
6.5794029,2.8277e-04
6.5876055,2.4051e-04
6.6028466,6.8818e-04
6.6162238,2.9769e-04
6.6371751,3.1288e-04
6.6548781,3.3695e-04
6.6879983,4.4169e-04
6.6960635,4.6956e-04
6.7099271,2.5513e-04
6.7117510,3.2374e-04
6.7262383,3.4118e-04
6.7379422,3.1626e-04
6.7398715,2.6287e-04
6.7653270,5.1440e-04
6.7764301,2.8137e-04
6.7832947,2.8987e-04
6.8010707,3.2580e-04
6.8170018,2.9111e-04
6.8341546,3.2235e-04
6.8499088,3.9425e-04
6.8642721,4.9243e-04
6.8778419,4.0861e-04
6.8946986,4.8952e-04
6.9137406,3.3956e-04
6.9247904,2.6939e-04
6.9337273,3.1224e-04
6.9987946,3.0696e-04
7.0034761,3.0713e-04
7.0159106,3.4252e-04
7.0374866,3.5871e-04
7.0601282,3.0015e-04
7.0620975,3.6861e-04
7.0766659,3.8744e-04
7.0938005,9.0370e-04
7.1107893,3.4347e-04
7.1127858,5.3194e-04
7.1855073,2.7655e-04
7.2155819,8.0929e-04
7.2372894,2.9660e-04
7.2471151,3.4251e-04
7.2620273,3.2338e-04
7.2773113,5.2177e-04
7.3039007,5.2535e-04
7.3231344,2.6384e-04
7.3251143,3.9130e-04
7.3432136,3.1177e-04
7.3592381,2.7998e-04
7.3793364,2.6255e-04
7.3952622,3.1146e-04
7.4346223,3.3893e-04
7.4580393,6.7229e-03
7.4755788,2.6675e-04
7.4849148,4.4016e-04
7.5005698,2.7873e-04
7.5190535,3.5004e-04
7.5308518,3.2784e-04
7.5517759,3.4596e-04
7.5930934,2.7656e-04
7.6105766,2.6307e-04
7.6259165,4.2597e-04
7.6281376,3.0924e-04
7.6393037,2.9356e-04
7.6513100,2.3666e-04
7.6667194,3.9216e-04
7.6841593,4.3516e-04
7.6865706,5.4239e-04
7.7059922,4.0766e-04
7.7510309,3.0892e-04
7.7608805,3.5941e-04
7.7721243,7.2926e-04
7.7908816,2.9063e-04
7.8058758,4.0287e-04
7.8708954,3.6816e-03
7.8964086,3.3526e-04
7.9127364,3.2254e-04
7.9213161,2.8912e-04
7.9306779,3.2961e-04
7.9382153,4.0619e-04
7.9544692,3.6144e-04
7.9690008,3.3831e-04
7.9893808,3.1313e-04
8.0047331,3.8285e-04
8.0204620,2.8587e-04
8.0355625,2.9396e-04
8.0487118,3.6854e-04
8.0627823,3.0839e-04
8.0820198,2.8981e-04
8.0942202,3.4058e-04
8.0991364,3.0997e-04
8.1336021,3.5122e-04
8.1539335,3.7882e-04
8.1745682,3.1286e-04
8.1979017,3.4395e-04
8.2170048,2.8680e-04
8.2390709,2.9238e-04
8.2612524,3.4832e-04
8.2771015,8.3137e-04
8.2953033,2.8815e-04
8.3078642,4.3981e-04
8.3236103,2.6101e-04
8.3254089,2.3117e-04
8.3391504,2.5650e-04
8.3550062,2.8827e-04
8.3861666,5.1186e-04
8.3996944,2.9648e-04
8.4409132,3.6331e-04
8.4495344,3.3629e-04
8.4750557,6.6759e-03
8.4975271,3.1796e-04
8.4996452,2.8087e-04
8.5114393,3.0919e-04
8.5236311,2.5975e-04
8.5254078,2.7050e-04
8.5368576,3.1225e-04
8.5505276,5.8080e-04
8.5849924,2.3272e-04
8.6083784,3.1560e-04
8.6210890,6.5312e-04
8.6721115,2.6821e-04
8.7067356,4.5723e-04
8.7266836,3.1987e-04
8.7432108,2.5407e-04
8.7842512,3.4561e-04
8.8048124,2.7630e-04
8.8072548,8.2918e-04
8.8098583,2.9176e-04
8.8924065,3.6112e-04
8.8990526,3.2138e-04
8.9160080,3.0729e-04
8.9604721,2.6750e-04
8.9624748,3.3908e-04
8.9643011,2.5252e-04
8.9662037,3.0338e-04
8.9874401,3.2869e-04
8.9894295,3.3671e-04
8.9913969,2.6876e-04
9.0303602,2.8298e-04
9.0494070,3.9280e-04
9.0517149,2.9855e-04
9.0648689,2.8974e-04
9.0929775,3.1159e-04
9.0950689,3.9807e-04
9.0971556,2.9235e-04
9.1102829,2.9588e-04
9.1202869,3.0712e-04
9.1322622,3.3182e-04
9.1537857,4.8739e-04
9.1560802,2.9625e-04
9.1719990,3.4859e-04
9.1763659,3.0898e-04
9.1873875,2.6750e-04
9.2472277,3.5368e-04
9.2792377,2.7140e-04
9.2831011,4.0521e-04
9.2851610,3.7772e-04
9.3040323,3.3304e-04
9.3058977,2.8403e-04
9.3078051,3.2306e-04
9.3100767,3.1016e-04
9.3120012,4.3199e-04
9.3865738,4.3071e-04
9.3890104,4.5511e-04
9.3911476,3.1342e-04
9.3932657,5.3324e-04
9.4525700,3.8954e-04
9.5045481,3.2533e-04
9.5316973,4.3788e-04
9.5339432,2.8205e-04
9.6242952,3.5566e-04
9.6737967,3.1998e-04
9.6761408,3.3935e-04
9.6783943,3.9585e-04
9.6805391,3.3180e-04
9.6961908,3.2687e-04
9.7076015,4.2737e-04
9.7098942,3.5188e-04
9.7121944,3.4373e-04
9.7258921,3.8350e-04
9.7281027,3.2802e-04
9.7300968,3.4025e-04
9.7930841,5.3918e-04
9.8263597,3.5046e-04
9.8309679,3.5098e-04
9.8517771,3.3720e-04
9.8577976,2.6779e-04
9.8751249,4.4656e-04
9.8787088,3.4287e-04
9.9081812,3.6411e-04
9.9233170,2.6149e-04
9.9494915,3.6439e-03
9.9549084,3.3449e-04
9.9615421,4.0957e-04
9.9677916,2.8290e-04
9.9697151,3.2314e-04
9.9719133,3.2431e-04
9.9858198,2.8830e-04
9.9877892,3.0011e-04
9.9937716,5.4584e-04
10.0102081,5.3410e-04
10.0124960,4.1894e-04
10.0341816,3.6802e-04
10.0364809,2.7378e-04
10.0384331,3.0724e-04
10.0550985,4.6129e-04
10.0790939,3.1512e-04
10.0815639,2.3788e-04
10.0964489,3.5757e-04
10.1090708,3.0713e-04
10.1200590,3.3763e-04
10.1329613,2.7131e-04
10.1482096,3.3040e-04
10.1592779,3.3523e-04
10.1802492,4.5186e-04
10.2345953,3.2063e-04
10.2478991,3.1040e-04
10.2918882,4.1728e-04
10.2941761,2.6468e-04
10.3274956,3.3044e-04
10.3293686,3.7327e-04
10.3313608,3.7451e-04
10.3689346,4.3755e-04
10.3711615,3.2129e-04
10.3918934,2.6989e-04
10.4147730,3.2859e-04
10.4297056,3.8340e-04
10.4551563,3.9088e-04
10.4660044,4.7770e-04
10.4682484,2.9985e-04
10.4877701,3.2608e-04
10.4904575,3.4128e-04
10.5075712,3.0789e-04
10.5229540,3.5760e-04
10.5360880,2.7217e-04
10.5534935,3.9417e-04
10.6080952,3.3235e-04
10.6236448,3.0599e-04
10.6258974,2.9548e-04
10.6480103,4.1962e-04
10.6765699,2.7176e-04
10.6851721,2.9122e-04
10.7044163,2.8942e-04
10.7183456,3.6992e-04
10.7419300,3.3071e-04
10.7704601,2.7537e-04
10.7722740,5.1799e-04
10.7918205,1.2302e-03
10.7968330,7.7226e-04
10.7997427,3.9417e-04
10.8218765,3.4650e-04
10.8343306,2.7291e-04
10.8659811,4.8837e-04
10.8681068,4.0452e-04
10.9014597,3.2524e-04
10.9034195,2.6124e-04
10.9054451,3.5579e-04
10.9077902,3.4997e-04
10.9100132,3.2196e-04
10.9535589,5.2473e-04
10.9557867,2.8704e-04
10.9646969,2.9254e-04
10.9665165,2.6357e-04
10.9841976,2.8378e-04
10.9923649,5.8720e-04
10.9947262,2.9951e-04
11.0102301,3.3033e-04
11.0625401,3.0650e-04
11.1125212,2.9241e-04
11.1144695,2.8288e-04
11.1342831,2.9531e-04
11.1365509,2.6687e-04
11.1384573,2.7650e-04
11.1434326,3.2534e-04
11.1520824,3.7742e-04
11.1842070,2.9864e-04
11.2213383,3.6715e-04
11.2358274,3.5671e-04
11.2432775,4.2335e-04
11.2608528,2.5376e-04
11.2771921,3.7228e-04
11.2994261,3.6179e-04
11.3196659,3.5777e-04
11.3370714,3.4288e-04
11.3487434,3.6383e-04
11.3509388,3.2899e-04
11.3532791,3.9452e-04
11.3770056,3.9828e-04
11.3823547,1.9270e-03
11.4058104,4.8596e-04
11.4327164,2.6194e-04
11.4487095,2.7103e-04
11.4610348,4.1802e-04
11.4825296,3.4260e-04
11.4921780,3.6096e-04
11.4955873,3.6656e-04
11.5106535,3.6461e-04
11.5263624,3.5452e-04
11.5459890,2.6913e-04
11.5698700,2.8312e-04
11.5840836,3.0790e-04
11.6066246,3.3897e-04
11.6294432,3.5326e-04
11.6315060,5.7322e-04
11.6430092,3.2796e-04
11.6470613,3.0164e-04
11.6582098,5.4520e-04
11.6660166,6.1465e-04
11.6820898,3.5710e-04
11.6971664,3.1411e-04
11.7105093,3.5002e-04
11.7501736,2.5174e-04
11.8244181,2.9710e-04
11.8504677,3.1941e-04
11.8626184,2.9351e-04
11.8646116,2.6260e-04
11.8664846,2.6861e-04
11.8844357,4.0682e-04
11.8863525,2.5366e-04
11.9440737,2.9032e-04
11.9506702,3.3111e-04
11.9528303,2.8632e-04
11.9608889,4.7618e-04
11.9862471,2.9441e-04
12.0219975,3.0766e-04
12.0360756,4.1248e-04
12.0502281,5.4827e-04
12.0723200,2.7395e-04
12.1067266,3.7876e-04
12.1218519,6.3532e-04
12.1313992,5.5410e-04
12.1419802,4.9525e-04
12.1447535,3.2809e-04
12.1563568,2.9061e-04
12.1587410,3.9985e-04
12.1720762,3.0802e-04
12.2095108,2.7319e-04
12.2628288,4.1785e-04
12.3333397,3.3190e-04
12.3499784,4.1445e-04
12.3522005,3.0368e-04
12.3540363,2.6723e-04
12.3558779,3.0120e-04
12.3587456,4.4396e-04
12.3641863,3.7329e-04
12.3666258,2.9577e-04
12.3685417,4.4193e-04
12.3706198,6.4920e-04
12.3836718,4.3419e-04
12.4268122,3.0262e-04
12.4393606,2.7176e-04
12.4742222,3.1739e-04
12.4761848,3.2002e-04
12.4780169,2.9488e-04
12.4797974,2.5772e-04
12.5104771,3.0325e-04
12.5125093,3.2093e-04
12.5144444,2.7020e-04
12.5163698,2.2727e-04
12.5292187,2.8960e-04
12.5313377,3.3881e-04
12.5333567,2.8094e-04
12.5475674,3.6111e-04
12.5497808,3.7541e-04
12.5517759,3.1470e-04
12.7067432,3.8797e-04
12.7621365,6.0249e-04
12.7826891,3.2620e-04
12.8003569,5.1934e-04
12.8027687,3.3294e-04
12.8747692,3.5412e-04
12.9287186,3.0779e-04
12.9433270,4.3620e-04
12.9691858,2.6130e-04
12.9842110,4.1413e-04
13.0242424,3.2529e-04
13.0297079,3.9195e-04
13.0317974,3.6727e-04
13.0338135,3.1180e-04
13.0998173,3.0505e-04
13.1201220,1.7581e-03
13.1348419,3.4274e-04
13.2016449,3.9214e-04
13.2130537,3.5899e-04
13.2303963,3.2527e-04
13.2839260,3.7034e-04
13.3292160,4.4348e-04
13.3343306,3.9656e-04
13.3781614,3.8041e-04
13.3983822,4.6745e-04
13.4091845,3.0545e-04
13.4280233,2.6589e-03
13.4467936,4.2630e-04
13.4650412,3.5595e-04
13.4824619,3.9204e-04
13.5028639,4.7344e-04
13.5166492,2.8911e-04
13.5291882,2.6504e-04
13.5609207,3.7369e-04
13.6144495,3.1324e-04
13.6430235,4.6614e-04
13.6576300,3.1037e-04
13.6714268,2.8469e-04
13.6735296,2.8589e-04
13.6934605,2.7662e-04
13.7167101,3.0418e-04
13.7399006,4.1280e-04
13.7561378,3.2671e-04
13.7680311,3.8908e-04
13.7800493,2.6579e-04
13.8114443,3.0707e-04
13.8400850,2.8567e-04
13.8568611,3.7922e-04
13.8721342,3.7213e-04
13.8878508,2.5311e-04
13.8979902,4.2476e-04
13.9126148,5.3034e-04
13.9466515,3.5484e-04
13.9610443,3.3546e-04
13.9882126,2.3141e-04
13.9980011,4.0784e-04
14.0081339,4.0326e-04
14.0237827,2.9393e-04
14.0539913,3.2163e-04
14.0683899,3.2012e-04
14.0804396,3.1151e-04
14.0914259,4.1881e-04
14.1106319,3.4377e-04
14.1127920,3.4354e-04
14.1267080,6.0846e-04
14.1390429,3.2580e-04
14.1411200,4.0195e-04
14.1590233,6.7786e-04
14.1780386,3.9857e-04
14.2013254,3.5034e-04
14.2169971,4.7682e-04
14.2416964,3.5951e-04
14.2553120,3.6411e-04
14.2720232,3.2437e-04
14.2743359,3.9172e-04
14.2762451,2.9625e-04
14.2927990,3.2193e-04
14.3186321,5.4273e-04
14.3395844,3.3303e-04
14.3487730,2.7176e-04
14.3508596,2.4629e-04
14.3527880,4.7708e-04
14.3550987,2.8290e-04
14.3572044,3.3828e-04
14.3697300,3.2885e-04
14.4279928,2.8944e-04
14.4298878,5.9241e-04
14.4321337,2.7472e-04
14.4352713,3.1861e-04
14.4369659,2.7839e-04
14.4388924,3.0092e-04
14.4668245,2.7387e-04
14.4850941,4.2917e-04
14.5218868,3.5911e-04
14.5426683,3.1204e-04
14.5530586,3.2416e-04
14.5720463,3.1759e-04
14.5884809,2.5994e-04
14.6139364,3.2025e-04
14.6348486,4.5010e-04
14.6550751,2.8802e-04
14.6674881,6.1584e-04
14.6977243,5.8178e-04
14.7145252,3.4820e-04
14.7355070,3.1398e-04
14.7515068,3.9037e-04
14.7797251,4.8306e-04
14.7818947,3.7183e-04
14.7869797,6.6523e-03
14.8336287,3.7986e-04
14.8359776,4.1330e-04
14.8473301,4.3755e-04
14.8930998,3.8303e-04
14.9229298,3.8679e-04
14.9276896,2.9982e-04
14.9297209,3.8914e-04
14.9317694,3.9041e-04
14.9775820,2.7512e-04
15.0017262,2.6892e-04
15.0154133,3.2059e-04
15.0247164,2.8999e-04
15.0348330,2.7564e-04
15.0423975,3.6826e-04
15.0550890,3.6123e-04
15.0895071,4.8038e-04
15.1908007,4.0541e-04
15.2099352,4.0503e-04
15.2121944,4.2299e-04
15.2143278,3.7703e-04
15.2162180,4.1089e-04
15.2284212,4.0546e-04
15.2423325,2.5232e-04
15.2695189,2.7496e-04
15.2945309,3.1444e-04
15.3399734,2.7315e-04
15.3999777,4.5097e-04
15.4096146,4.2485e-04
15.4119997,4.5562e-04
15.4546766,3.3634e-04
15.4580393,4.3886e-04
15.4603415,4.6936e-04
15.4720306,3.4369e-04
15.5136271,3.8964e-04
15.5738468,3.5029e-04
15.6211729,2.7735e-04
15.6234255,5.9274e-04
15.6258154,5.2528e-04
15.6433907,3.2953e-04
15.6641130,3.9968e-04
15.6705122,3.5659e-04
15.6840744,4.4901e-04
15.6867514,4.5170e-04
15.6899281,5.3900e-04
15.6922302,2.9114e-04
15.6941547,3.9184e-04
15.7101030,3.6027e-04
15.7121639,3.0152e-04
15.7284956,2.7563e-04
15.7740097,5.1587e-04
15.7909107,2.4868e-04
15.7929058,3.2187e-04
15.7950401,3.1210e-04
15.8217144,2.9128e-04
15.8327389,4.8740e-04
15.8408594,3.0434e-04
15.8428030,2.8354e-04
15.8520498,1.7697e-02
15.8724289,4.4526e-04
15.8747482,3.3906e-04
15.8770037,4.3637e-04
15.8793383,3.4164e-04
15.8815031,3.2182e-04
15.8833866,3.5987e-04
15.8851786,3.7220e-04
15.8871822,3.2501e-04
15.8892183,3.2129e-04
15.8913956,3.2903e-04
15.9299393,3.1833e-04
15.9589195,6.0131e-04
16.0335922,3.3300e-04
16.0662384,3.3035e-04
16.0680733,3.6211e-04
16.1054401,3.5140e-04
16.1125946,2.8643e-04
16.1281013,3.5730e-04
16.1490631,2.6288e-04
16.1778622,3.5191e-04
16.2069798,5.0077e-04
16.2550602,3.7459e-04
16.2835636,3.9121e-04
16.2981110,2.6922e-04
16.3271580,3.1638e-04
16.3434258,3.3434e-04
16.3457222,4.0718e-04
16.3744183,3.8473e-04
16.3944473,3.2435e-04
16.3968773,3.0973e-04
16.4096756,4.7073e-04
16.4498062,3.1421e-04
16.5182190,4.0191e-04
16.5398159,4.6003e-04
16.5473309,7.4022e-04
16.5616760,4.1028e-04
16.5997829,2.9249e-04
16.6017494,2.5090e-04
16.6034660,2.4504e-04
16.6052399,3.4996e-04
16.6196899,3.9575e-04
16.6379147,3.3260e-04
16.6467190,3.1054e-04
16.6488342,3.1192e-04
16.6662979,3.7041e-04
16.6926003,3.0844e-04
16.6948223,3.0184e-04
16.7175770,3.4301e-04
16.7195225,3.3597e-04
16.7214546,2.7111e-04
16.7232819,3.0157e-04
16.7321014,2.8277e-04
16.7338104,3.0378e-04
16.7370815,4.3666e-04
16.7390957,4.1760e-04
16.7498913,3.6616e-04
16.7518501,3.2308e-04
16.7536945,2.8731e-04
16.7555008,2.6135e-04
16.7572956,2.7747e-04
16.7591114,2.7407e-04
16.7636318,4.0054e-04
16.7875366,4.8000e-04
16.8159103,3.9099e-04
16.8181858,3.0582e-04
16.8226490,4.1292e-04
16.8407154,3.4299e-04
16.8635712,3.0280e-04
16.8827267,3.3126e-04
16.8930798,2.5358e-04
16.9136410,3.4156e-04
16.9267063,3.3008e-04
16.9334793,2.6477e-04
16.9474888,3.5146e-04
16.9858856,3.1841e-04
17.0194168,2.9087e-04
17.0251389,3.2875e-04
17.0520725,3.7952e-04
17.0694981,6.4899e-04
17.1125927,2.7668e-04
17.1238422,3.6609e-04
17.1256733,5.0412e-04
17.1417866,4.8091e-04
17.1720123,4.1080e-04
17.1838436,4.7002e-04
17.2030869,3.3533e-04
17.2153206,2.7738e-04
17.2296143,2.9297e-04
17.2397957,4.6314e-04
17.2420788,3.4136e-04
17.2578449,3.2447e-04
17.2701607,3.6538e-04
17.2897511,3.8169e-04
17.3022766,3.8614e-04
17.3345547,3.1872e-04
17.3558350,4.1408e-04
17.3718243,3.1180e-04
17.3880749,2.7917e-04
17.4007969,2.8285e-04
17.4358768,4.1644e-04
17.4518547,4.2810e-04
17.4630737,3.6792e-04
17.4844666,3.0619e-04
17.4939327,4.0246e-04
17.5245724,4.2173e-04
17.5396862,4.3524e-04
17.5523968,2.9585e-04
17.5542850,2.6811e-04
17.5727520,3.3442e-04
17.5747356,3.6028e-04
17.5884476,3.1127e-04
17.5972748,3.5184e-04
17.6001377,2.8689e-04
17.6298580,3.4213e-04
17.6318531,3.4185e-04
17.6715450,4.1627e-04
17.6741829,3.7942e-04
17.6763401,2.4012e-04
17.6781292,2.5603e-04
17.6800365,4.0289e-04
17.6826477,3.5257e-04
17.6846657,2.5991e-04
17.7104511,3.4637e-04
17.7182770,3.5754e-04
17.7204418,3.1717e-04
17.7321949,3.2232e-04
17.7342529,3.5797e-04
17.7363224,2.9736e-04
17.7457047,3.4934e-04
17.7739754,3.0296e-04
17.7890816,3.5341e-04
17.8143539,3.4571e-04
17.8380394,3.6608e-04
17.8743267,3.0369e-04
17.8959980,3.1432e-04
17.9314651,8.2930e-03
17.9604511,3.2043e-04
17.9915447,9.8509e-04
18.0036659,2.6880e-04
18.0174084,2.5057e-04
18.0283833,3.3982e-04
18.0611534,3.2224e-04
18.0763302,3.1692e-04
18.0790157,3.2040e-04
18.0852814,3.1515e-04
18.1118736,3.5608e-04
18.1226749,2.9717e-04
18.1371288,3.0894e-04
18.1391926,3.5421e-04
18.1634483,2.6135e-04
18.1655598,3.1371e-04
18.1673565,4.2257e-04
18.1843967,3.5079e-04
18.1999512,2.6767e-04
18.2090149,3.1036e-04
18.2264080,2.8517e-04
18.2535782,2.6553e-04
18.3844032,2.7724e-04
18.3906898,3.2872e-04
18.3929005,3.5363e-04
18.4059887,3.2745e-04
18.4080086,3.7617e-04
18.4347324,3.2030e-04
18.4369221,3.9194e-04
18.4391937,4.2460e-04
18.4707756,3.0569e-04
18.4845257,5.4206e-04
18.4870453,2.4693e-04
18.5014534,3.0692e-04
18.5122395,2.8314e-04
18.5354137,4.5461e-04
18.5375023,3.2970e-04
18.5394192,5.3808e-04
18.5517750,2.7579e-04
18.5791168,3.5538e-04
18.5878887,3.2052e-04
18.6615143,2.6120e-04
18.7000446,3.9361e-04
18.7287960,2.7475e-04
18.7426968,4.2951e-04
18.7738132,3.2811e-04
18.7893906,3.4113e-04
18.7980156,2.2898e-03
18.8019772,2.9709e-04
18.8107815,3.7349e-04
18.8782539,2.9642e-04
18.9298325,4.9314e-04
18.9319267,3.6737e-04
18.9509182,2.5336e-04
18.9646091,2.9112e-04
18.9799290,4.5201e-04
18.9822159,3.7871e-04
18.9841003,2.9027e-04
18.9857998,3.3261e-04
18.9932251,4.1660e-04
19.0232887,2.6774e-04
19.0279350,2.8350e-04
19.0297756,2.9339e-04
19.0316505,2.6272e-04
19.0335712,3.4570e-04
19.0895176,3.5163e-04
19.1028481,2.8686e-04
19.1049728,3.2890e-04
19.1300602,2.7671e-04
19.1831913,3.2069e-04
19.2211285,2.6751e-04
19.2232494,2.9927e-04
19.2260265,2.5227e-04
19.2344360,2.9608e-04
19.2466431,9.1885e-04
19.2699776,2.3713e-04
19.2715988,2.2922e-04
19.3214798,2.8219e-04
19.3234501,3.4190e-04
19.3292542,3.1339e-04
19.3316650,3.1595e-04
19.3341217,2.6441e-04
19.3365574,3.4787e-04
19.3552074,2.8171e-04
19.3573780,3.7539e-04
19.3712692,2.9288e-04
19.3858891,3.2871e-04
19.3876991,2.3977e-04
19.3893204,3.2318e-04
19.3914204,3.0313e-04
19.4079208,3.1536e-04
19.4108543,2.7515e-04
19.4237976,2.6447e-04
19.4426422,2.4460e-04
19.4568996,4.6408e-04
19.4610119,2.8890e-04
19.4816647,3.6326e-04
19.5060043,2.2847e-03
19.5528393,4.8199e-04
19.5662823,3.7604e-04
19.5758247,4.7558e-04
19.5782318,3.2483e-04
19.5977192,4.5817e-04
19.6164131,5.5534e-04
19.6470737,3.4133e-04
19.6535397,2.5992e-04
19.6555367,3.0727e-04
19.6662292,3.2678e-04
19.6683693,2.7789e-04
19.6840134,2.7553e-04
19.7037182,3.0911e-04
19.7550812,4.1998e-04
19.7884865,3.5671e-04
19.8118954,3.2029e-04
19.8312073,2.8651e-04
19.8337669,2.7360e-04
19.8430214,2.8665e-04
19.8447914,5.1891e-04
19.8531914,3.9577e-04
19.8550873,3.1945e-04
19.8642960,3.6426e-04
19.9015579,3.8123e-04
19.9035320,4.9280e-04
19.9056587,3.1151e-04
19.9099693,3.7809e-04
19.9263649,3.1106e-04
19.9325752,2.8156e-04
19.9346771,4.1599e-04
19.9614487,1.6203e-03
19.9770527,3.5145e-04
19.9959793,3.0643e-04
20.0018692,3.0081e-04
20.0290394,3.3561e-04
20.0310555,3.0950e-04
20.0613976,2.8845e-04
20.1473141,2.6285e-04
20.1568413,3.0817e-04
20.1585732,3.5062e-04
20.1758480,4.3669e-04
20.2111282,2.7037e-04
20.2128601,3.1773e-04
20.2146149,2.5701e-04
20.2165813,3.0256e-04
20.2345181,3.3597e-04
20.2367992,3.3459e-04
20.2644367,3.8220e-04
20.2860088,4.0853e-04
20.3017788,3.8690e-04
20.3384171,3.5099e-04
20.3408489,3.5018e-04
20.3430271,3.0372e-04
20.3450584,2.9537e-04
20.3469276,3.1499e-04
20.3489723,4.0323e-04
20.3511658,6.2731e-04
20.3543072,3.2563e-04
20.3598614,5.7999e-04
20.3837471,4.7053e-04
20.4021053,2.8313e-04
20.5110741,2.8524e-04
20.5201702,3.4351e-04
20.5558090,3.1237e-04
20.5760689,3.1057e-04
20.5856495,4.9287e-04
20.6048527,2.8527e-04
20.6273518,3.3828e-04
20.6566334,3.7567e-04
20.6584797,2.8668e-04
20.6604176,2.5835e-04
20.6740704,3.7019e-04
20.6895485,5.2690e-04
20.7059879,4.3530e-04
20.7420063,3.1768e-04
20.7584705,3.7003e-04
20.7916641,3.5876e-04
20.8079433,3.3798e-04
20.8272610,3.1803e-04
20.8526268,3.4474e-04
20.8547249,3.6036e-04
20.8752365,3.0227e-04
20.8864155,3.6858e-04
20.9200706,3.4292e-04
20.9223061,3.3459e-04
20.9385471,3.1825e-04
20.9611187,3.3584e-04
20.9787121,2.6762e-04
20.9806004,3.0697e-04
20.9828148,3.4164e-04
21.0262451,3.2241e-04
21.0282249,3.8600e-04
21.0417728,4.8540e-04
21.0632668,3.8673e-04
21.0708523,4.0372e-04
21.0864677,4.3693e-04
21.1037064,3.9122e-04
21.1146526,4.0266e-04
21.1188812,4.4256e-04
21.1355553,3.0074e-04
21.1560478,3.4732e-04
21.1579857,3.5877e-04
21.1690311,2.6378e-04
21.2053795,2.9464e-04
21.2370472,3.0695e-04
21.2388573,3.7366e-04
21.2409515,3.0986e-04
21.2431488,2.4682e-04
21.2590256,3.8038e-04
21.2785358,3.6289e-04
21.2833080,3.6952e-04
21.2855015,2.9150e-04
21.2883358,2.8778e-04
21.2981319,3.1682e-04
21.3237553,3.3103e-04
21.3257179,3.2106e-04
21.4014397,2.5892e-04
21.4211273,3.0120e-04
21.4230366,4.2276e-04
21.4321938,3.6869e-04
21.4412022,4.1589e-04
21.4572678,2.9046e-04
21.4777431,2.9089e-04
21.5137272,2.9599e-04
21.5375557,2.5822e-04
21.5726948,3.6257e-04
21.5753231,2.8683e-04
21.5776539,3.2896e-04
21.5890446,4.5132e-04
21.6056786,5.2406e-04
21.6213684,3.5244e-04
21.6458683,3.7074e-04
21.6677361,3.3933e-04
21.6842632,3.3732e-04
21.7044468,3.1594e-04
21.7231102,2.8653e-04
21.7306023,2.8748e-04
21.7447701,4.1679e-04
21.7598515,2.9800e-04
21.7620525,2.7703e-04
21.7638626,2.8325e-04
21.7804813,3.1398e-04
21.7958622,2.7364e-04
21.8286686,3.8736e-04
21.8306618,2.8260e-04
21.8398628,4.3238e-04
21.8555832,3.8505e-04
21.8650723,2.8469e-04
21.8779240,5.6012e-04
21.8992939,2.7430e-04
21.9013672,3.8438e-04
21.9184895,3.2354e-04
21.9335461,3.0244e-04
21.9382362,4.5105e-04
21.9512863,4.3891e-04
21.9635162,2.7610e-04
21.9817085,3.2055e-04
21.9992619,3.3750e-04
22.0132694,3.4032e-04
22.0543499,3.1448e-04
22.0707493,3.5961e-04
22.1733093,3.3226e-04
22.2078037,3.2452e-04
22.2427101,3.1718e-04
22.2487926,2.9689e-04
22.2506847,2.7393e-04
22.2745667,2.7389e-04
22.2824783,2.4915e-04
22.2842350,2.8646e-04
22.2861481,2.8715e-04
22.3165798,3.3001e-04
22.3183823,2.8104e-04
22.3323917,2.7594e-04
22.3676281,3.6331e-04
22.3700409,4.4677e-04
22.3851814,4.0297e-04
22.3998432,3.3516e-04
22.4149952,4.2489e-04
22.4235859,2.9798e-04
22.4256630,2.9772e-04
22.4301147,2.7525e-04
22.4322319,3.0165e-04
22.4423275,2.7682e-04
22.4443073,2.7753e-04
22.4579296,3.1548e-04
22.4921131,4.0533e-04
22.5224667,7.2305e-04
22.5453663,3.0613e-04
22.5629559,3.5564e-04
22.5796394,2.9066e-04
22.5946560,3.3511e-04
22.6473179,2.6222e-04
22.6943207,3.3449e-04
22.7309055,4.2074e-04
22.7628155,3.2162e-04
22.8156548,3.4277e-04
22.8278809,3.3647e-04
22.8297024,3.3714e-04
22.8317394,3.2559e-04
22.8336658,3.7165e-04
22.8610725,3.7225e-04
22.8634281,3.3166e-04
22.8656425,2.9542e-04
22.8768520,2.7183e-04
22.9133797,4.0203e-04
22.9299831,4.0451e-04
22.9338913,3.4480e-04
22.9601212,1.4016e-02
22.9760933,2.9573e-04
22.9989243,4.0620e-04
23.0117645,4.4899e-04
23.0145912,4.2865e-04
23.0167885,2.9342e-04
23.0186081,2.6157e-04
23.0262108,3.8037e-04
23.0283794,2.7086e-04
23.0403023,2.4459e-04
23.0421944,3.3820e-04
23.0445366,6.8197e-04
23.0467224,2.9888e-04
23.0484085,2.5624e-04
23.0603752,6.5995e-04
23.0630741,5.1575e-04
23.0712185,2.9994e-04
23.0791893,8.5560e-04
23.0819492,3.0495e-04
23.0838871,4.2983e-04
23.0860462,5.2354e-04
23.0972252,2.4350e-04
23.1169777,3.9134e-04
23.1190567,2.8746e-04
23.1207371,2.9314e-04
23.1503296,2.8349e-04
23.1588001,3.3768e-04
23.1607475,3.2265e-04
23.1627216,3.4933e-04
23.1761246,4.5181e-04
23.1929989,3.3346e-04
23.1949425,2.9717e-04
23.1968250,5.8970e-04
23.2092991,2.8589e-04
23.2110958,3.1162e-04
23.2132263,3.9378e-04
23.2151699,3.4546e-04
23.2177048,2.8587e-04
23.2237244,3.7728e-04
23.2264957,2.9490e-04
23.2733307,5.6612e-04
23.2755604,3.2792e-04
23.2936096,2.6445e-04
23.2955685,3.5915e-04
23.3085594,2.9221e-04
23.3189030,3.8461e-04
23.3207569,2.6856e-04
23.3395348,2.5628e-04
23.3421345,3.9571e-04
23.3574276,3.3052e-04
23.3814926,2.6966e-04
23.3924580,2.6866e-04
23.3948154,3.1931e-04
23.4117584,2.8221e-04
23.4136353,2.1095e-04
23.4255390,2.5178e-04
23.4334087,4.6634e-04
23.4435329,2.4777e-04
23.4511700,3.1115e-04
23.4560108,2.8004e-04
23.4706841,3.4789e-04
23.4953842,2.4698e-04
23.5156002,3.3090e-04
23.5368690,3.0693e-04
23.5497437,3.4309e-04
23.5774727,3.1193e-04
23.6029110,3.1666e-04
23.6230278,3.0633e-04
23.6440639,4.2264e-04
23.6460819,2.6850e-04
23.6538429,2.7208e-04
23.6671677,3.4793e-04
23.6805935,2.6221e-04
23.6905479,2.7841e-04
23.7146339,2.7440e-04
23.7277489,4.2983e-04
23.7329445,3.3711e-04
23.7639542,3.9456e-04
23.7884789,3.6379e-04
23.8186398,3.9143e-04
23.8281116,2.7339e-04
23.8437119,3.2099e-04
23.8562183,4.0457e-04
23.8716564,3.0192e-04
23.8864079,2.8428e-04
23.9019279,2.6772e-04
23.9260788,3.6792e-04
23.9358349,4.1934e-04
23.9655762,2.9472e-04
23.9824104,3.4920e-04
23.9946747,2.4289e-04
24.0122585,3.6609e-04
24.0261593,2.6652e-04
24.0373974,3.9831e-04
24.0547600,3.5971e-04
24.0666752,2.8905e-04
24.0832806,3.0638e-04
24.0906830,5.4582e-04
24.1096134,2.5931e-04
24.1117153,4.7620e-04
24.1328793,3.6535e-04
24.1435223,3.2786e-04
24.1838093,3.4723e-04
24.1983814,2.9421e-04
24.2161655,2.7010e-04
24.2179699,2.7547e-04
24.2333355,2.7984e-04
24.2539673,2.7441e-04
24.2843761,2.9886e-04
24.2953949,3.2874e-04
24.3069324,2.7084e-04
24.3182068,4.5835e-04
24.3277245,4.2084e-04
24.3454514,2.2550e-03
24.3629189,3.7534e-04
24.3684368,6.1755e-04
24.4054775,2.6493e-04
24.4258232,3.1896e-04
24.4277725,4.3851e-04
24.4588566,2.8833e-04
24.4747181,3.4941e-04
24.5001316,3.4434e-04
24.5023823,3.4460e-04
24.5224895,7.3259e-03
24.5463276,3.5279e-04
24.5629902,5.2331e-04
24.5721111,2.8298e-04
24.5846920,3.0504e-04
24.5931740,4.2952e-04
24.6023579,4.2547e-04
24.6427784,3.2024e-04
24.6769905,3.1643e-04
24.7298737,2.9098e-04
24.8518848,3.2263e-04
24.8539696,2.8109e-04
24.8558083,4.1114e-04
24.8735619,2.8320e-04
24.9044685,3.3640e-04
24.9148140,3.9809e-04
24.9170055,2.9286e-04
24.9190979,3.5856e-04
24.9492950,3.9624e-04
24.9515076,3.3842e-04
24.9640179,4.2516e-04
24.9750576,3.8038e-04
24.9851990,3.3972e-04
24.9870930,2.8230e-04
25.0000191,3.7902e-04
25.0341911,6.7916e-04
25.0365677,3.3866e-04
25.0386543,3.3467e-04
25.0458336,2.5666e-04
25.0644894,3.2380e-04
25.1085377,2.7396e-04
25.1238708,3.9851e-04
25.1258526,2.8114e-04
25.1279755,2.6214e-04
25.1356201,3.1791e-04
25.1666126,4.1434e-04
25.1920395,6.9341e-04
25.1949940,5.6679e-04
25.2121334,3.3348e-04
25.2142792,3.1092e-04
25.2308102,3.2940e-04
25.2428131,2.9639e-04
25.2521687,2.5643e-04
25.2938175,3.5415e-04
25.3071632,3.1977e-04
25.3092480,7.1925e-04
25.3162861,3.3331e-04
25.3294067,2.6924e-04
25.3447533,2.8985e-04
25.3621750,3.0069e-04
25.3641682,5.7492e-04
25.3796902,2.4419e-04
25.3818436,3.1288e-04
25.3952999,4.9243e-04
25.4155178,2.9863e-04
25.4256954,3.0651e-04
25.4276886,3.7591e-04
25.4296417,4.2607e-04
25.4554577,2.7409e-04
25.4576950,2.8160e-04
25.4729576,2.5195e-04
25.4879723,5.5108e-04
25.5090523,4.2858e-04
25.5209541,2.9135e-04
25.5290680,3.6396e-04
25.5435963,3.7926e-04
25.5456810,2.5471e-04
25.5692883,3.1693e-04
25.5860004,3.4988e-04
25.5949402,2.9797e-04
25.5967445,2.6112e-04
25.6108990,2.9663e-04
25.6228943,2.7741e-04
25.6246834,3.7911e-04
25.6373997,2.5705e-04
25.6657887,2.9565e-04
25.6813946,3.5006e-04
25.6998291,2.8358e-04
25.7124310,2.9381e-04
25.7200069,4.0589e-04
25.7334385,2.9631e-04
25.7432842,3.2364e-04
25.7569809,3.0535e-04
25.7746239,5.0694e-04
25.7977009,2.9580e-04
25.8499832,3.2164e-04
25.8825169,3.1815e-04
25.8940468,2.9938e-04
25.9066982,4.9355e-04
25.9230747,5.2592e-04
25.9402924,4.6368e-04
25.9580688,4.2916e-04
25.9602909,3.3888e-04
25.9774475,2.9926e-04
25.9948521,3.7484e-04
26.0133018,3.4010e-04
26.0289860,3.3720e-04
26.0490570,4.0575e-04
26.0778103,3.3170e-04
26.0796947,2.8068e-04
26.0976372,4.4617e-04
26.1172638,3.5885e-04
26.1398373,4.1115e-04
26.1490879,4.7619e-04
26.1634350,3.1119e-04
26.1805058,2.6031e-04
26.1914520,2.3303e-04
26.1968040,2.8626e-04
26.2088203,3.2433e-04
26.2213135,2.8756e-04
26.2582188,2.4425e-04
26.2881889,2.8482e-04
26.2957630,3.0723e-04
26.3465710,3.0572e-04
26.4242001,3.4733e-04
26.4380398,3.2868e-04
26.4527607,3.1782e-04
26.4686794,4.2789e-04
26.4825401,3.2800e-04
26.4850750,3.6392e-04
26.5099087,3.8509e-04
26.5564594,3.1418e-04
26.5746861,2.9464e-04
26.5971012,2.5579e-04
26.5992737,3.5002e-04
26.6217365,3.3657e-04
26.6238194,2.6888e-04
26.6336136,3.0029e-04
26.6586838,2.6702e-04
26.6840496,3.2682e-04
26.7106152,3.0921e-04
26.7372398,2.8535e-04
26.7600861,2.7074e-04
26.7628670,2.8509e-04
26.7706718,3.0390e-04
26.8006096,2.9863e-04
26.8026733,3.4148e-04
26.8046379,4.1522e-04
26.8068390,4.3261e-04
26.8088932,3.3473e-04
26.8108959,2.5490e-04
26.8127251,2.5714e-04
26.8377018,6.2932e-04
26.8518066,3.5416e-04
26.8539104,4.9470e-04
26.8560333,3.3299e-04
26.8579998,3.1736e-04
26.8780460,2.9293e-04
26.8799191,3.9192e-04
26.8819561,2.7768e-04
26.8839970,3.8378e-04
26.9012890,3.1289e-04
26.9033451,2.8056e-04
26.9054890,2.8738e-04
26.9081573,3.4403e-04
26.9219189,3.2294e-04
26.9453926,4.4920e-04
26.9485378,3.3991e-04
26.9507294,3.4138e-04
26.9527092,4.1249e-04
26.9700108,3.8569e-04
26.9720001,4.3687e-04
26.9847584,4.8150e-04
26.9923210,5.3429e-04
26.9945850,5.4254e-04
27.0147495,3.3114e-04
27.0368652,3.1177e-04
27.0395641,4.5146e-04
27.0415993,2.7118e-04
27.0436859,2.6872e-04
27.0624619,4.4254e-04
27.0645351,2.9043e-04
27.0671234,3.5192e-04
27.0690079,3.3045e-04
27.0709248,2.9967e-04
27.1109028,3.2167e-04
27.1148148,3.3402e-04
27.1310253,3.3249e-04
27.1483173,3.2455e-04
27.1507015,3.8870e-04
27.1612873,2.5711e-04
27.1631660,2.9324e-04
27.1748371,7.3201e-04
27.2264061,3.3752e-04
27.2538776,3.0012e-04
27.2690449,2.6305e-04
27.2840805,3.2118e-04
27.3029957,3.8747e-04
27.3128319,3.4161e-04
27.3213158,3.0242e-04
27.3235092,3.7498e-04
27.3646412,4.3695e-04
27.3667831,3.3575e-04
27.3780117,3.8362e-04
27.3917313,3.1499e-04
27.4329872,4.3494e-04
27.4353600,3.1903e-04
27.4653206,2.8844e-04
27.4728584,2.7356e-04
27.4746380,3.6514e-04
27.4767151,4.2996e-04
27.4787121,3.2522e-04
27.4805412,2.5931e-04
27.5166225,2.8945e-04
27.5525322,1.5808e-02
27.5977306,3.7238e-04
27.6069908,2.9312e-04
27.6089821,3.4138e-04
27.6108837,2.8351e-04
27.6126842,2.6642e-04
27.6228561,4.4788e-04
27.6409168,6.9157e-04
27.6598434,3.5246e-04
27.6780338,4.4637e-04
27.7076378,2.8009e-04
27.7342701,3.6223e-04
27.7361717,2.7001e-04
27.7534447,3.5830e-04
27.7659302,3.1078e-04
27.7908249,4.1285e-04
27.7929955,3.3921e-04
27.8129196,3.4173e-04
27.8148632,4.2764e-04
27.8328648,2.9465e-04
27.9286213,2.9582e-04
27.9444122,2.9940e-04
27.9642925,4.1626e-04
27.9729595,3.4435e-04
27.9749012,2.8726e-04
27.9930973,2.7652e-04
27.9950008,3.4901e-04
27.9970264,2.6733e-04
28.0095196,3.8792e-04
28.0117970,3.2745e-04
28.0139847,3.2138e-04
28.0217800,3.6285e-04
28.0659752,3.5623e-04
28.0814419,3.9365e-04
28.0835629,2.8469e-04
28.0859051,7.4742e-04
28.0883999,3.6421e-04
28.0904846,3.3742e-04
28.0923271,3.0842e-04
28.0951138,6.8289e-04
28.0972137,4.1239e-04
28.0992641,2.7327e-04
28.1432152,4.2968e-04
28.1455803,3.9788e-04
28.1476078,3.1838e-04
28.1601601,4.7292e-04
28.1631947,3.0497e-04
28.2078018,4.8953e-04
28.2103157,5.1671e-04
28.2200737,5.5919e-04
28.2230206,3.3752e-04
28.2251778,2.8415e-04
28.2450905,3.5607e-04
28.2746544,4.6269e-04
28.2871685,1.2448e-03
28.2900009,2.8649e-04
28.2923717,3.1111e-04
28.2944946,3.9322e-04
28.2968235,2.7353e-04
28.2987862,2.9534e-04
28.3020229,2.8738e-04
28.3235168,3.1974e-04
28.3381233,2.9286e-04
28.3408756,2.6434e-04
28.3558884,2.5576e-04
28.3634987,3.2152e-04
28.3738899,3.4937e-04
28.3915768,3.4974e-04
28.3937836,3.5274e-04
28.4730453,3.9299e-04
28.5017872,3.1880e-04
28.5037537,2.8600e-04
28.5290108,4.4074e-04
28.5743904,2.5979e-04
28.5763588,3.0485e-04
28.6048737,2.9899e-04
28.6267109,3.5129e-04
28.6286697,3.6560e-04
28.6327000,3.2239e-04
28.6547832,3.5508e-04
28.6569347,2.7619e-04
28.6589661,3.9215e-04
28.6609764,2.8841e-04
28.6823063,2.7941e-04
28.7923031,4.3314e-04
28.8080883,3.2876e-04
28.8104591,3.1607e-04
28.8124905,2.4456e-04
28.8144436,2.4359e-04
28.8165112,2.3835e-04
28.8185596,2.4250e-04
28.8204536,2.7604e-04
28.8223629,3.5203e-04
28.8242950,2.3552e-04
28.8289928,2.9230e-04
28.8311710,3.6654e-04
28.8330574,2.5703e-04
28.8349590,2.5527e-04
28.8366528,2.5192e-04
28.8384209,4.7585e-04
28.8402538,3.3408e-04
28.8800259,3.5613e-04
28.9234505,3.5977e-04
28.9366856,3.2363e-04
28.9389534,2.7840e-04
28.9528465,4.0433e-04
28.9659805,4.2072e-04
28.9909897,3.6329e-04
29.0085964,4.9107e-04
29.0228806,5.0715e-04
29.0537720,3.5280e-04
29.0701523,3.4813e-04
29.0866413,4.0954e-04
29.1077404,3.3453e-04
29.1240635,3.6148e-04
29.1263847,2.7408e-04
29.1385269,3.9470e-04
29.1533680,3.9187e-04
29.1555920,4.2433e-04
29.1800232,3.6111e-04
29.2060699,3.3470e-04
29.2650356,4.5754e-04
29.2790070,2.7261e-04
29.2926025,4.1939e-04
29.3089008,3.5348e-04
29.3109207,3.1124e-04
29.3325424,1.6845e-03
29.3357258,2.9802e-04
29.3377228,2.9281e-04
29.3763733,3.2844e-04
29.3785133,2.9988e-04
29.3913193,5.9820e-04
29.4222507,6.5392e-04
29.4453373,3.2401e-04
29.4705219,3.4862e-04
29.4727631,3.3527e-04
29.5195312,3.1792e-04
29.5744724,4.0271e-04
29.6119194,3.3118e-04
29.6138287,3.1335e-04
29.6271114,2.8822e-04
29.6289425,3.5485e-04
29.6310577,2.9854e-04
29.6328506,2.9287e-04
29.6354427,4.2432e-04
29.6808414,3.0622e-04
29.6913128,3.7421e-04
29.6936150,2.8762e-04
29.6956558,2.9465e-04
29.6974392,2.7057e-04
29.7150078,3.3553e-04
29.7168770,2.8791e-04
29.7188129,4.3170e-04
29.7383995,4.0357e-04
29.7408428,5.0112e-04
29.7556477,3.3999e-04
29.7733536,2.9007e-04
29.7755318,3.5837e-04
29.7920742,2.6523e-04
29.7997952,3.7860e-04
29.8352299,2.9481e-04
29.8557014,3.8245e-04
29.8706379,7.9463e-04
29.8867435,3.3888e-04
29.8890114,3.2012e-04
29.9072075,3.2868e-04
29.9302769,2.8259e-04
29.9321785,3.1028e-04
29.9588223,3.3840e-04
29.9610653,3.7611e-04
29.9807606,3.2684e-04
30.0041180,2.9781e-04
30.0165195,3.0888e-04
30.0317135,3.8735e-04
30.0784454,2.8741e-04
30.0805492,2.8592e-04
30.0827980,2.8481e-04
30.1035213,4.0406e-04
30.1196728,3.3059e-04
30.1671486,3.4201e-04
30.2144260,2.5413e-04
30.2431793,6.5612e-04
30.2559948,4.3044e-04
30.2582626,5.8035e-04
30.2718430,3.8413e-04
30.2813816,2.9709e-04
30.2937012,6.0170e-04
30.2959690,2.6474e-04
30.3219318,4.6821e-04
30.3345795,3.8600e-04
30.3365536,2.9483e-04
30.3383389,2.3911e-04
30.3690567,2.8792e-04
30.4079380,3.2380e-04
30.4103336,2.6667e-04
30.4121017,3.6903e-04
30.4144745,3.2399e-04
30.4381485,3.6175e-04
30.4681835,3.0135e-04
30.4802933,3.2281e-04
30.4822788,2.7812e-04
30.5081768,3.7064e-04
30.5101337,2.5870e-04
30.5120544,3.1677e-04
30.5140705,3.4302e-04
30.5158653,4.2028e-04
30.5392284,3.9461e-04
30.5766983,3.4122e-04
30.5787964,2.7860e-04
30.6042938,2.6011e-04
30.6164494,4.6169e-04
30.6217403,2.9758e-04
30.6236877,2.9908e-04
30.6259403,3.1156e-04
30.6447163,2.8649e-04
30.6468620,5.1266e-04
30.6654816,3.2604e-04
30.6676655,2.7614e-04
30.6694889,2.3786e-04
30.7019825,4.5468e-04
30.7166748,2.6134e-04
30.7250595,3.0694e-04
30.7618675,5.0810e-04
30.7762623,2.8863e-04
30.7821312,3.5588e-04
30.7848110,3.1738e-04
30.7869358,4.3628e-04
30.8010635,4.4053e-04
30.8194103,3.1853e-04
30.8286953,3.0017e-04
30.8635426,2.9958e-04
30.8801918,3.3949e-04
30.8823662,2.7814e-04
30.9180260,3.8235e-04
30.9320621,5.0564e-04
30.9670105,2.9463e-04
30.9820156,3.0122e-04
30.9839535,3.1973e-04
30.9951687,3.3546e-04
30.9975090,3.7191e-04
30.9998016,2.7800e-04
31.0094433,3.6911e-04
31.0170803,3.2613e-04
31.0294285,3.2977e-04
31.0320797,3.0407e-04
31.0576210,2.8746e-04
31.0710201,3.1679e-04
31.0837116,4.0234e-04
31.0856209,4.0376e-04
31.1021156,3.1118e-04
31.1503468,3.1522e-04
31.1663895,3.6287e-04
31.1784382,3.5678e-04
31.1824188,2.9448e-04
31.2031307,3.0661e-04
31.2437782,3.2906e-04
31.2632408,2.5520e-04
31.2652016,2.7283e-04
31.2879372,3.1586e-04
31.3145351,4.3182e-04
31.3418598,2.8202e-04
31.3547249,2.8428e-04
31.3565216,4.0692e-04
31.3773880,3.5743e-04
31.3792686,3.3972e-04
31.4293518,2.7085e-04
31.5163498,4.0746e-04
31.5601444,3.7472e-04
31.5621605,3.5247e-04
31.5642986,4.1687e-04
31.5664196,2.4316e-04
31.5810680,3.2190e-04
31.5831070,3.2499e-04
31.5891247,6.9918e-04
31.6215477,3.1503e-04
31.6880093,4.2075e-04
31.7055416,2.5101e-04
31.7072182,4.7091e-04
31.7173367,3.2154e-04
31.7303410,2.7742e-04
31.7330666,3.7722e-04
31.7363396,4.0080e-04
31.7503796,4.3803e-04
31.7523441,4.0764e-04
31.7543659,2.8334e-04
31.7564373,3.1014e-04
31.7790852,2.8260e-04
31.8064232,3.7434e-04
31.8085289,2.9594e-04
31.8105373,2.3255e-04
31.8238087,4.7204e-04
31.8355389,4.1317e-04
31.8523216,2.7453e-04
31.8672276,4.8795e-04
31.9062672,3.7409e-04
31.9263611,3.6096e-04
31.9456806,3.1815e-04
31.9477367,2.6808e-04
31.9780598,3.7062e-04
31.9911156,4.4655e-04
31.9932156,2.7405e-04
32.0120850,3.5941e-04
32.0336761,3.9358e-04
32.0534401,3.0347e-04
32.0756416,2.7029e-04
32.0966606,3.6985e-04
32.1057892,5.8151e-04
32.1181641,3.5765e-04
32.1401634,3.4300e-04
32.1565971,4.1242e-04
32.1668739,4.7246e-04
32.2161369,3.4448e-04
32.2462959,3.2101e-04
32.2480736,3.2269e-04
32.2774048,2.7783e-04
32.3249741,3.3185e-04
32.3356285,5.0838e-04
32.3729324,4.2622e-04
32.3895149,3.1671e-04
32.4158592,3.2653e-04
32.4175949,5.0498e-04
32.4197159,4.1097e-04
32.4215965,2.8022e-04
32.4321289,4.2090e-04
32.4472771,3.0914e-04
32.4613075,2.8913e-04
32.4633255,2.3491e-04
32.4652252,2.9559e-04
32.4889793,3.4360e-04
32.5155373,7.4148e-04
32.5276794,4.0633e-04
32.5352745,2.7463e-04
32.5511894,1.3952e-03
32.5876884,7.2858e-04
32.6061897,6.0273e-04
32.6188393,7.0942e-03
32.6494217,3.7098e-04
32.6515160,2.9985e-04
32.7031288,3.2702e-04
32.7777672,3.7585e-04
32.7999573,4.6605e-04
32.8264961,3.6028e-04
32.8582993,3.0576e-04
32.8608589,3.0795e-04
32.9353790,3.1072e-04
32.9513626,3.2471e-04
32.9535713,3.4767e-04
32.9555473,2.7872e-04
32.9848061,3.1652e-04
33.0046654,4.1620e-04
33.0648918,2.7687e-04
33.0726242,5.0015e-04
33.0748863,3.4249e-04
33.0770683,3.1546e-04
33.0789375,4.0346e-04
33.0810471,5.3915e-04
33.0832901,2.6343e-04
33.0852737,2.3943e-04
33.0878105,2.9430e-04
33.0894737,2.6686e-04
33.0911827,4.1888e-04
33.0932693,4.0161e-04
33.1074066,3.6454e-04
33.1092911,2.9562e-04
33.1241264,3.0465e-04
33.1259956,3.9821e-04
33.1490822,4.1392e-04
33.1517105,3.2939e-04
33.1648636,3.7780e-04
33.1668854,2.9492e-04
33.1782722,3.2555e-04
33.2094917,3.7588e-04
33.2125015,3.0705e-04
33.2145157,4.1230e-04
33.2339211,3.6333e-04
33.2494202,4.2834e-04
33.2689552,4.1819e-04
33.2870598,3.4649e-04
33.3349609,2.7308e-04
33.3420792,2.6159e-04
33.3598595,3.9347e-04
33.3928680,2.9888e-04
33.4120216,3.9505e-04
33.4283638,4.5107e-04
33.4460640,3.2094e-04
33.4663239,3.1222e-04
33.5432243,5.5877e-04
33.5583305,3.3636e-04
33.5602264,3.9904e-04
33.5719147,4.1470e-04
33.5905380,4.2586e-04
33.6200256,4.0559e-04
33.6489792,3.1006e-04
33.6744423,7.1216e-04
33.6764984,2.8290e-04
33.7173882,3.7351e-04
33.7304382,4.8806e-04
33.7499008,2.8676e-04
33.7517776,3.2911e-04
33.7976723,4.1542e-04
33.8000145,3.2389e-04
33.8361168,3.3574e-04
33.8381271,2.6829e-04
33.8402786,2.2363e-04
33.8421631,2.2973e-04
33.8736649,4.9166e-04
33.8759117,2.4572e-04
33.8777542,3.0800e-04
33.8797951,4.2572e-04
33.9037056,3.2267e-04
33.9297028,3.3341e-04
33.9411888,3.0571e-04
33.9629097,4.4919e-04
33.9847946,3.2675e-04
34.0198669,4.2463e-04
34.0319824,3.3943e-04
34.0565300,4.4037e-04
34.0768929,3.5084e-04
34.0791550,2.5657e-04
34.1191826,4.5804e-04
34.1213684,3.8498e-04
34.1637955,3.6382e-04
34.1658897,2.4420e-04
34.1675034,2.2363e-04
34.1886406,3.4191e-04
34.2303238,4.3846e-04
34.2326851,3.9051e-03
34.2427368,3.0696e-04
34.3175850,3.3271e-04
34.3339767,3.2493e-04
34.3528900,3.9266e-04
34.3552208,2.5772e-04
34.3598633,5.3377e-04
34.3828163,5.3578e-04
34.3850403,2.9335e-04
34.3966217,2.7594e-04
34.4099731,3.7523e-04
34.4479103,3.6001e-04
34.4625778,3.8126e-04
34.4649467,3.3780e-04
34.4770699,4.1107e-04
34.4790344,3.4732e-04
34.4814835,4.1503e-04
34.5084076,3.1682e-04
34.5187988,3.6307e-04
34.5453873,3.1390e-04
34.5471916,2.5424e-04
34.5579262,2.8572e-04
34.5597878,3.3564e-04
34.5619240,3.6815e-04
34.5668335,3.2374e-04
34.5686111,2.9277e-04
34.5704308,2.9265e-04
34.5722313,3.9275e-04
34.6097870,2.9711e-04
34.6173058,3.5381e-04
34.6532593,2.8090e-04
34.6678696,3.0807e-04
34.7477150,3.1024e-04
34.7496185,3.1416e-04
34.7567329,2.9136e-04
34.7926140,4.3809e-04
34.8286362,3.8493e-04
34.8587914,3.4036e-04
34.8608932,3.0952e-04
34.8731384,3.0268e-04
34.8802719,1.3730e-03
34.8898163,3.3783e-04
34.9036102,4.6675e-04
34.9265823,3.2289e-04
35.0206032,5.1103e-04
35.0309258,4.6147e-04
35.0469437,5.1321e-04
35.0743675,4.2505e-04
35.1651077,2.7515e-04
35.2123032,6.0250e-04
35.2150002,2.9652e-04
35.2280884,4.4337e-04
35.2463570,2.8788e-04
35.2569389,5.3393e-04
35.2595596,3.3417e-04
35.2731209,3.4260e-04
35.2750473,3.0163e-04
35.3033867,3.3298e-04
35.3072701,2.8317e-04
35.3233070,4.2292e-04
35.3256454,3.5260e-04
35.3451500,3.3190e-04
35.3531303,3.0961e-04
35.4218597,2.7936e-04
35.4237862,3.0566e-04
35.4386787,3.0823e-04
35.4635735,3.2650e-04
35.4658089,3.4710e-04
35.4679031,2.6391e-04
35.5124969,3.7914e-04
35.5406036,3.1886e-04
35.5790253,3.1239e-04
35.5924072,4.2978e-04
35.6071129,3.7025e-04
35.6516762,3.2130e-04
35.6533852,3.3219e-04
35.6601486,3.0735e-04
35.6709976,3.4486e-04
35.6868629,4.8529e-04
35.6893692,2.5074e-04
35.7148514,3.5907e-04
35.7166100,3.0270e-04
35.7358665,3.3611e-04
35.7493591,3.4115e-04
35.7751846,5.5666e-04
35.7828140,4.2216e-04
35.8288269,3.7043e-04
35.8510284,4.2103e-04
35.8800468,3.1600e-04
35.9023781,4.9505e-04
36.0411797,2.7516e-04
36.0428429,2.8910e-04
36.0921593,3.5550e-04
36.0943146,2.8515e-04
36.1235352,4.1497e-04
36.1516037,3.3312e-04
36.1534576,3.7644e-04
36.1833076,3.2455e-04
36.2150726,3.2482e-04
36.2387390,2.9592e-04
36.2720985,3.0613e-04
36.2739830,4.3894e-04
36.2757874,3.2774e-04
36.2775917,4.3699e-04
36.2796898,3.1200e-04
36.2816429,3.9805e-04
36.2993317,2.5351e-04
36.3069572,3.0099e-04
36.3363113,3.1292e-04
36.3382530,8.2570e-04
36.3480072,4.9863e-04
36.3899155,3.5557e-04
36.3919716,3.5245e-04
36.3973083,3.5491e-04
36.4052620,2.8521e-04
36.4072800,4.3052e-04
36.4289513,5.6248e-04
36.4380188,2.9070e-04
36.4537964,3.8389e-04
36.4557457,2.7000e-04
36.4572945,2.3337e-04
36.4635696,4.4072e-04
36.4654007,4.5351e-04
36.4671440,3.0974e-04
36.4982109,3.1518e-04
36.5003242,3.0572e-04
36.5213013,4.6732e-04
36.5817604,3.2566e-04
36.6842117,3.0265e-04
36.6951675,4.4653e-04
36.6973076,3.3540e-04
36.6995430,4.4386e-04
36.7015915,4.3464e-04
36.7040329,2.7018e-04
36.7063370,3.2073e-04
36.7271500,3.4461e-04
36.7311630,2.9762e-04
36.7330666,3.2458e-04
36.7383957,5.1604e-04
36.7408104,3.2663e-04
36.7428818,2.4612e-04
36.7446976,2.4553e-04
36.7712402,1.1887e-03
36.8022118,3.6264e-04
36.8123207,2.4298e-04
36.8171082,3.0388e-04
36.8365211,3.4649e-04
36.8637772,4.1261e-04
36.8688850,3.0097e-04
36.8818703,3.0179e-04
36.8964615,3.5405e-04
36.9147148,3.4600e-04
36.9167671,3.9335e-04
36.9465828,3.7488e-04
36.9500656,4.8723e-04
36.9610443,4.2705e-04
36.9631653,3.0373e-04
36.9737206,3.9843e-04
36.9764977,3.6723e-04
36.9898453,4.4119e-04
37.0268059,4.0964e-04
37.0295258,3.7725e-04
37.0313263,3.2831e-04
37.0331001,2.5293e-04
37.0383415,2.7640e-04
37.0587730,3.3736e-04
37.0709076,2.8031e-04
37.1348877,3.3205e-04
37.1370201,3.3300e-04
37.1495056,2.8808e-04
37.1806793,3.0115e-04
37.2187233,3.4299e-04
37.2345581,2.5321e-04
37.2473946,2.7764e-04
37.3146820,2.9629e-04
37.3473091,2.5934e-04
37.4084816,3.1000e-04
37.4340668,5.7880e-03
37.4538651,2.7846e-04
37.4702110,2.8798e-04
37.5058212,3.1346e-04
37.5203514,3.4957e-04
37.5389290,2.9037e-04
37.5562859,2.6775e-04
37.5802956,3.1190e-04
37.6468010,3.0824e-04
37.6990700,6.5436e-04
37.7013283,3.0601e-04
37.7033386,5.2299e-04
37.7173424,2.8672e-04
37.7193794,3.0303e-04
37.7341156,3.9350e-04
37.7365875,5.6929e-04
37.7389107,9.4217e-04
37.7513084,3.5420e-04
37.7534027,2.7511e-04
37.7699547,3.1481e-04
37.7879868,3.4704e-04
37.7899780,3.2545e-04
37.7917252,3.8971e-04
37.7940292,3.2617e-04
37.7965813,2.9049e-04
37.8116188,3.3508e-04
37.8410530,3.0522e-04
37.8429565,4.5631e-04
37.8698044,3.0146e-04
37.9846420,2.8895e-04
38.0327911,3.5307e-04
38.0542030,3.1991e-04
38.0732040,4.9296e-04
38.0989609,3.3766e-04
38.1008224,2.8811e-04
38.1027412,5.0034e-04
38.1268463,3.8137e-04
38.1671257,3.8569e-04
38.1836929,2.9452e-04
38.1871872,3.5621e-04
38.2770500,9.0536e-04
38.3530083,6.0696e-04
38.3689423,3.9228e-04
38.3731461,3.5996e-04
38.3814774,4.1696e-04
38.3839188,3.9887e-04
38.3860893,6.3271e-04
38.3883247,4.1626e-04
38.3904648,3.5572e-04
38.3928299,3.6453e-04
38.3951759,2.9793e-04
38.4035988,3.6106e-04
38.4138412,3.0171e-04
38.4260559,3.3235e-04
38.4377861,4.5255e-04
38.4420509,3.9666e-04
38.4597626,5.1910e-04
38.4618645,3.7136e-04
38.4639130,3.0499e-04
38.4927635,4.3257e-04
38.5264053,2.2845e-03
38.5650253,6.7219e-04
38.5678444,3.4502e-04
38.6138878,3.8135e-04
38.6528854,4.1818e-04
38.6934586,3.6656e-04
38.7558327,2.9995e-04
38.7658768,4.1539e-04
38.7681236,2.7187e-04
38.7699966,3.7401e-04
38.8054466,3.0828e-04
38.8074379,3.4811e-04
38.8096161,2.4686e-04
38.8520699,3.1215e-04
38.8592834,2.9546e-04
38.8611374,3.0508e-04
38.8834267,3.3408e-04
38.8991280,4.3481e-04
38.9062004,4.1013e-04
38.9081688,2.9960e-04
38.9248848,3.3984e-04
38.9269180,3.1899e-04
38.9357643,3.8717e-04
38.9378510,4.4383e-04
38.9400215,4.0751e-04
38.9419708,3.7611e-04
38.9449539,2.7754e-04
38.9469795,5.1364e-04
38.9491730,4.6993e-04
38.9668388,2.9863e-04
38.9727249,3.4908e-04
38.9842720,3.0769e-04
38.9862404,2.9622e-04
39.0040703,3.0651e-04
39.0060959,3.6770e-04
39.1013184,3.1696e-04
39.1393089,5.3465e-04
39.1415215,3.2069e-04
39.1434784,2.5624e-04
39.1703606,3.7279e-04
39.1838951,3.7046e-04
39.2121811,2.4350e-03
39.2243690,3.9607e-04
39.2306213,5.8178e-04
39.2336960,4.4557e-04
39.2460861,3.7494e-04
39.2870407,3.6060e-04
39.2952614,3.2640e-04
39.2979546,2.0615e-02
39.3299408,3.3269e-04
39.3320084,3.4469e-04
39.4068222,3.3553e-04
39.4334068,5.7693e-04
39.4354668,3.4002e-04
39.4375420,2.4813e-04
39.4575539,3.1862e-04
39.4595909,4.1322e-04
39.4615479,2.5111e-04
39.5747032,3.6591e-04
39.6485672,3.2505e-04
39.6509171,3.2384e-04
39.6669998,2.8635e-04
39.7052727,3.2667e-04
39.7231331,3.3765e-04
39.7251434,3.1283e-04
39.8059769,1.1718e-03
39.8212776,3.1986e-04
39.8798790,2.8150e-04
39.9238281,4.3786e-04
39.9262276,3.9102e-04
39.9521637,2.5949e-04
39.9712830,3.2195e-04
39.9734879,3.7290e-04
39.9754715,4.6942e-03
39.9933205,3.9212e-04
39.9957733,4.1499e-04
40.0102158,3.4061e-04
40.0202942,3.3863e-04
40.0220528,2.6693e-04
40.0611649,3.7563e-04
40.0803909,3.0481e-04
40.0823288,3.2777e-04
40.1144028,3.5920e-04
40.1163788,2.6815e-04
40.1184654,2.6325e-04
40.1222916,4.4201e-04
40.1493225,3.5395e-04
40.1515350,3.0778e-04
40.1669083,4.4238e-04
40.1984558,4.0361e-04
40.2005692,2.7848e-04
40.2024345,2.5527e-04
40.2125549,3.7645e-04
40.2148018,3.2574e-04
40.2330170,3.2380e-04
40.2480621,4.5556e-04
40.2733841,6.0269e-04
40.2758369,3.6104e-04
40.2878799,3.6880e-04
40.2936897,3.5293e-04
40.2959709,3.9095e-04
40.2983360,7.5130e-03
40.3075867,2.9816e-04
40.3210678,3.2722e-04
40.3357048,3.0460e-04
40.3678169,3.2186e-04
40.4173660,3.2412e-04
40.4410057,3.1596e-04
40.4563560,6.4741e-04
40.4702492,3.1789e-04
40.4763641,2.7615e-04
40.4945793,3.9134e-04
40.4965439,4.8444e-04
40.4984512,2.8643e-04
40.5106544,4.9535e-04
40.5498695,3.2386e-04
40.5515823,4.0198e-04
40.5802269,2.5568e-04
40.5986481,2.6106e-04
40.6165924,2.8954e-04
40.6341782,3.6748e-04
40.6465416,3.4302e-04
40.6487770,3.4480e-04
40.6800117,4.5289e-04
40.7146416,3.6868e-04
40.7313614,4.1522e-04
40.7335358,4.2710e-04
40.7357788,5.1193e-04
40.7384453,2.4673e-04
40.7402878,3.4411e-04
40.8152237,3.2737e-04
40.8276634,3.7221e-04
40.8723221,4.1823e-04
40.8875465,3.6452e-04
40.8892899,3.7844e-04
40.8910637,4.3592e-04
40.8930511,2.8841e-04
40.8948708,2.7617e-04
40.9390335,3.7971e-04
40.9571495,3.1334e-04
40.9591141,3.3456e-04
40.9619675,3.3181e-04
40.9978638,3.0387e-04
41.0651512,3.6717e-04
41.0671310,3.6367e-04
41.0695953,3.5544e-04
41.1001053,2.8478e-04
41.1289253,4.5696e-04
41.1469994,5.0937e-04
41.1498413,3.1604e-04
41.1517601,3.0456e-04
41.1536980,4.3817e-04
41.1557999,3.2918e-04
41.1714401,4.3579e-04
41.1735764,3.7469e-04
41.1800194,3.5490e-04
41.1821518,3.8585e-04
41.1887436,4.3395e-04
41.1909180,3.3066e-04
41.1927528,2.6644e-04
41.2334175,3.1002e-04
41.3086815,3.8405e-04
41.3233337,4.6664e-04
41.3254890,3.0297e-04
41.3377953,3.2838e-04
41.3729935,3.2058e-04
41.4136314,3.3987e-04
41.4288177,3.2822e-04
41.4698181,4.2060e-04
41.4720650,3.5300e-04
41.4742165,3.9604e-04
41.4762306,3.1332e-04
41.5002518,3.8788e-04
41.5107307,4.2500e-04
41.5127296,5.5963e-04
41.5150528,3.4518e-04
41.5168381,3.2301e-04
41.5187111,4.5479e-04
41.5209694,2.8081e-04
41.5233498,6.8218e-04
41.5254288,4.8003e-04
41.5438385,2.7085e-04
41.5708580,7.0244e-04
41.5836868,8.3194e-04
41.5863304,3.7589e-04
41.6094246,6.1392e-04
41.6344681,3.7450e-04
41.6560707,3.2143e-04
41.6597862,3.6446e-04
41.6622620,3.1652e-04
41.6884727,3.3786e-04
41.7087135,3.5794e-04
41.7109985,4.4549e-04
41.7131958,3.1362e-04
41.7262497,3.9613e-04
41.7386703,3.4115e-04
41.7515068,3.0711e-04
41.7720871,3.6713e-04
41.7758789,4.1930e-04
41.7918892,2.7591e-04
41.8149948,3.2335e-04
41.8169670,3.6234e-04
41.8190308,3.7390e-04
41.8211288,3.0404e-04
41.8233337,2.7899e-04
41.8628883,2.9702e-04
41.9270287,3.6147e-04
41.9290314,4.0169e-04
41.9345169,4.0679e-04
41.9463692,3.2007e-04
41.9571457,4.1336e-04
41.9592705,4.2498e-04
42.0162125,3.9372e-04
42.0883255,2.9534e-04
42.0903053,3.1466e-04
42.0922356,3.1667e-04
42.0943260,3.4468e-04
42.1011887,3.7430e-04
42.1034889,3.3440e-04
42.1242752,3.4548e-04
42.1650581,4.3978e-04
42.2050972,3.8327e-04
42.2403030,3.8615e-04
42.2824745,3.1717e-04
42.3069191,3.4183e-04
42.3255768,4.0387e-04
42.3282051,3.6288e-04
42.3300629,3.3848e-04
42.3319664,3.8381e-04
42.3453903,3.0627e-04
42.3532410,3.6480e-04
42.3760338,3.4902e-04
42.4130745,3.3909e-04
42.4339142,7.1667e-04
42.4419708,3.2467e-04
42.4576530,5.1279e-04
42.5036659,2.4915e-04
42.5052376,3.0114e-04
42.5072670,2.6947e-04
42.5128975,4.7135e-04
42.5152473,4.4884e-04
42.5316238,3.5383e-04
42.5802460,3.6870e-04
42.5825043,2.9768e-04
42.5844002,3.5257e-04
42.5861244,3.0717e-04
42.6493530,4.5834e-04
42.7314873,3.0547e-04
42.7424622,3.3298e-04
42.7793045,2.9934e-04
42.8057251,4.1972e-04
42.8217964,3.2648e-04
42.8239441,3.4564e-04
42.8516998,3.3730e-04
42.8538208,3.7776e-04
42.8846054,5.2206e-04
42.9020386,3.8294e-04
42.9048004,4.6037e-04
42.9178276,4.1308e-04
42.9368477,3.6119e-04
42.9656029,5.4833e-04
42.9678955,3.3181e-04
42.9701118,2.8467e-04
43.0711594,3.9743e-04
43.0735626,3.2081e-04
43.0757294,3.6061e-04
43.0790825,5.4672e-04
43.0962257,2.7337e-04
43.1473923,3.8882e-04
43.1853447,3.1439e-04
43.1873589,2.7221e-04
43.1959152,2.8014e-04
43.2727661,3.5952e-04
43.2920265,3.2780e-04
43.2941742,2.9554e-04
43.2961388,2.9608e-04
43.2983055,2.3449e-04
43.3244934,4.1799e-04
43.3266449,2.5701e-04
43.3287201,3.4751e-04
43.3308907,3.0479e-04
43.3418121,3.0698e-04
43.3504753,6.2494e-04
43.3713837,4.8184e-04
43.3870201,3.1277e-04
43.3905830,3.7057e-04
43.4193687,3.6813e-04
43.4417114,3.7286e-04
43.4728432,4.6879e-04
43.4911995,3.7971e-04
43.5052109,2.8307e-04
43.5362816,3.3557e-04
43.5843735,3.3044e-04
43.5945625,2.8783e-04
43.5964890,4.1351e-04
43.5983963,4.4790e-04
43.6175041,3.1508e-04
43.6306534,5.2239e-04
43.6433830,4.8818e-04
43.6654892,5.4757e-04
43.7089233,3.0028e-04
43.7213631,2.9268e-04
43.7616653,4.1468e-04
43.7804260,2.7581e-04
43.7996330,3.2602e-04
43.8171730,2.9492e-04
43.8377342,3.8705e-04
43.8475380,4.1341e-04
43.8948517,2.8834e-04
44.0051537,2.9479e-04
44.0554848,4.9826e-04
44.0733528,3.5136e-04
44.0966415,3.6654e-04
44.1335411,4.1604e-04
44.1355667,3.8892e-04
44.1407127,3.2726e-04
44.1658783,3.2040e-04
44.2384148,3.3571e-04
44.2577705,3.5608e-04
44.2600670,6.1641e-04
44.2770348,4.1925e-04
44.2828445,3.3196e-04
44.3012161,3.6787e-04
44.3296394,3.5873e-04
44.3516617,4.4958e-04
44.3656464,3.4563e-04
44.3705254,4.0541e-04
44.3860512,3.6940e-04
44.4048309,5.0781e-04
44.4236641,3.4711e-04
44.4300232,4.2256e-04
44.4823914,3.8678e-04
44.5233154,3.8191e-04
44.5458488,3.3031e-04
44.6645775,3.1944e-03
44.6781044,3.2729e-04
44.6984673,6.8187e-04
44.7011871,3.8753e-04
44.7201920,3.1925e-04
44.7322922,3.2970e-04
44.7342567,3.2909e-04
44.7482185,3.7009e-04
44.7690239,5.0008e-04
44.7713127,2.7956e-04
44.7901344,3.1010e-04
44.8155327,3.1207e-04
44.8403015,1.0609e-02
44.8552742,3.3008e-04
44.8660927,6.3208e-04
44.8767548,4.1186e-04
44.8881760,2.8456e-04
44.9025269,3.4637e-04
44.9153137,3.6170e-04
44.9315529,3.2901e-04
44.9700470,6.3169e-04
45.0031776,3.5187e-04
45.0159721,1.1388e-03
45.0426903,3.0371e-04
45.1186066,5.6580e-04
45.1210403,6.9197e-04
45.1383095,5.9992e-04
45.1406860,6.0819e-04
45.1428299,4.8125e-04
45.1569023,4.5045e-04
45.1926613,1.4731e-03
45.2120018,4.9411e-04
45.2203102,8.3661e-04
45.2319984,5.9666e-04
45.2716789,1.2347e-03
45.2750130,5.6283e-04
45.2876740,6.2037e-04
45.2983360,9.1959e-04
45.3010178,5.3394e-04
45.3172112,4.5411e-04
45.3374863,4.2219e-04
45.3883934,3.3348e-04
45.4702835,5.5835e-03
45.5148010,4.8116e-04
45.5391083,2.9171e-04
45.5545158,2.9327e-04
45.6367340,2.7134e-04
45.6837807,4.1778e-04
45.7349586,3.3797e-04
45.7565613,7.8186e-04
45.7701988,2.6768e-04
45.7837257,4.3856e-04
45.8409195,3.1328e-04
45.8427429,3.3579e-04
45.8445206,2.5270e-04
45.8460960,4.0118e-04
45.8479881,3.8432e-04
45.8504601,2.4583e-04
45.8523483,2.5230e-04
45.8541183,2.7253e-04
45.8559990,3.0393e-04
45.8746071,2.8158e-04
45.8766708,3.4692e-04
45.8810005,3.2861e-04
45.8897171,2.9383e-04
45.9377174,1.2954e-02
45.9571342,4.6620e-04
45.9715347,2.4248e-04
45.9985352,4.7783e-04
46.0024414,3.3241e-04
46.0045128,3.8629e-04
46.0082970,3.2375e-04
46.0977402,2.3276e-03
46.1017075,2.6140e-04
46.1037369,3.1091e-04
46.1234512,3.6353e-04
46.1355019,2.7608e-04
46.1692200,2.6826e-04
46.1808472,3.8304e-04
46.1827011,3.3996e-04
46.1939774,2.7370e-04
46.2344284,2.7933e-04
46.2682381,4.6050e-04
46.2991295,4.3695e-04
46.3106842,3.0426e-04
46.3300819,3.2631e-04
46.3691025,4.0896e-04
46.3912430,3.2973e-04
46.4146767,3.3373e-04
46.4426270,2.8766e-04
46.4830551,3.0055e-04
46.4979095,3.5319e-04
46.5131836,4.6731e-04
46.6130371,2.8437e-04
46.6823196,3.4717e-04
46.6844063,4.4752e-04
46.6965332,3.0988e-04
46.7105370,3.3262e-04
46.7129326,4.8757e-04
46.7270279,3.0777e-04
46.7290688,2.9281e-04
46.8205109,3.8378e-04
46.8370247,7.3178e-04
46.8507652,3.2048e-04
46.9026299,3.8669e-04
46.9203682,3.4732e-04
46.9363594,3.2158e-04
46.9438667,4.8198e-04
46.9513969,3.7244e-04
46.9601326,3.3907e-04
46.9630356,3.0101e-04
46.9931870,2.8313e-04
47.1429253,5.3934e-04
47.1452980,3.6518e-04
47.1799202,3.9579e-04
47.2098045,3.8717e-04
47.2120209,2.8817e-04
47.2142487,2.7397e-04
47.2161827,2.7622e-04
47.2179909,2.6491e-04
47.2200050,3.0520e-04
47.2222748,3.1609e-04
47.2242584,3.0070e-04
47.2261581,3.0414e-04
47.2600937,3.0014e-04
47.2745323,3.7453e-04
47.2804832,3.7221e-04
47.3086739,3.3141e-04
47.3105812,3.8981e-04
47.3290520,4.9920e-04
47.3430939,2.7971e-04
47.3464394,2.7574e-04
47.3764267,3.6644e-04
47.4173775,2.7213e-04
47.4191284,3.2432e-04
47.4555550,2.8059e-04
47.4921799,3.2136e-04
47.5000572,3.7565e-04
47.5109558,3.2730e-04
47.5137024,3.7122e-04
47.5266457,4.0258e-04
47.5636940,3.0473e-04
47.5943642,3.7921e-04
47.6372108,3.3820e-04
47.7174072,4.5808e-04
47.7539558,3.4363e-04
47.7565117,3.9863e-04
47.7586517,2.5044e-04
47.7665100,3.5441e-04
47.7684555,3.2981e-04
47.7853851,3.2131e-04
47.7873802,4.3225e-04
47.8064766,5.3476e-04
47.8460159,3.0347e-04
47.8895836,4.4118e-04
47.8916779,2.8121e-04
47.9200821,5.8622e-04
47.9225998,4.8102e-04
47.9245682,2.5674e-04
47.9266739,3.3670e-04
47.9366302,5.3575e-04
47.9548149,3.0053e-04
47.9569702,2.7770e-04
47.9738922,3.3579e-04
47.9759827,3.5537e-04
48.0024452,3.5864e-04
48.0318069,3.2671e-04
48.0341415,5.2722e-04
48.0463104,3.4627e-04
48.0555611,5.1928e-04
48.0616302,4.4962e-04
48.0644035,3.0818e-04
48.1127357,6.9725e-04
48.1307602,3.0222e-04
48.1327171,2.6628e-04
48.1484566,3.5758e-04
48.1727333,3.0182e-04
48.2063293,3.4388e-04
48.2188530,3.1219e-04
48.2307968,2.9018e-04
48.2563133,3.3931e-04
48.2690163,4.2347e-04
48.2823792,3.6029e-04
48.3234253,2.5969e-04
48.3938980,3.3681e-04
48.4151497,8.2566e-04
48.4175224,2.7421e-04
48.4434319,6.3162e-04
48.4456978,3.9742e-04
48.4514580,3.0194e-04
48.4690056,3.0301e-04
48.4797173,4.8338e-04
48.5320396,3.6502e-04
48.5343552,3.3838e-04
48.5598755,3.5819e-04
48.5714073,3.7290e-04
48.5733337,2.6864e-04
48.5833206,2.8153e-04
48.5854263,4.7517e-04
48.5876923,2.8851e-04
48.5898781,3.4635e-04
48.6073761,2.7082e-04
48.6092949,3.4972e-04
48.6320610,2.7023e-04
48.6341896,3.7934e-04
48.6361542,2.5876e-04
48.6380692,4.0392e-04
48.6403160,2.9796e-04
48.6423149,2.5455e-04
48.6441841,3.3249e-04
48.6460419,2.9904e-04
48.6648102,3.5248e-04
48.6668091,6.0240e-04
48.6748734,3.4220e-04
48.6768227,2.4698e-04
48.6856880,3.0797e-04
48.6876144,3.3787e-04
48.7063560,2.9181e-04
48.7231979,5.0255e-04
48.7260818,4.2531e-04
48.7396164,4.0460e-04
48.7572479,3.9865e-04
48.7711105,2.8031e-04
48.8130836,3.0431e-04
48.8414536,3.6298e-04
48.8544998,4.0391e-04
48.8796997,3.4738e-04
48.8945770,3.3076e-04
48.8968582,2.5510e-04
48.9200706,3.0949e-04
48.9220581,2.3419e-04
48.9611053,4.7539e-04
48.9841537,4.1793e-04
49.0317307,5.5522e-04
49.0472870,3.7718e-04
49.0490952,2.9540e-04
49.0658493,3.7506e-04
49.0678024,3.7557e-04
49.0891876,4.1488e-04
49.1013794,3.4949e-04
49.1311989,3.4691e-04
49.1333809,3.7995e-04
49.1506500,4.4441e-04
49.1721382,2.7788e-04
49.1740952,4.2677e-04
49.1761971,4.4838e-04
49.1781006,3.9808e-04
49.1801491,3.0565e-04
49.1818886,4.2903e-04
49.2501564,2.8488e-04
49.2693291,3.0211e-04
49.2714233,3.3568e-04
49.2734604,3.8925e-04
49.2752419,2.7434e-04
49.2769318,3.1204e-04
49.2789764,2.3039e-04
49.3144073,3.1383e-04
49.3712425,2.8413e-04
49.4042892,3.2742e-04
49.4060478,3.4472e-04
49.4080124,2.9521e-04
49.4160576,2.9335e-04
49.4357529,3.0499e-04
49.4496384,3.1274e-04
49.4615288,3.4737e-04
49.4636269,4.2122e-04
49.4678421,3.2976e-04
49.4698982,7.8519e-04
49.4817657,3.0917e-04
49.4954185,3.1651e-04
49.4975052,3.1916e-04
49.5182724,5.4637e-04
49.5468483,3.6049e-04
49.5581665,3.1626e-04
49.5784340,3.4569e-04
49.6117516,2.7742e-04
49.6151772,2.7956e-04
49.6528854,3.9139e-04
49.6857948,3.5950e-04
49.7161255,3.0456e-04
49.7668953,2.9572e-04
49.7848167,5.4119e-04
49.7870483,4.1902e-04
49.8047523,3.0557e-04
49.8065834,2.6258e-04
49.8282204,7.3696e-04
49.8315430,3.0725e-04
49.8529892,7.2553e-04
49.8693886,2.8345e-04
49.8862648,3.2999e-04
49.8882713,3.8024e-04
49.8905602,2.5087e-04
49.8924866,3.7397e-04
49.8944321,3.6443e-04
49.9548798,4.0511e-04
49.9677277,6.8778e-04
49.9795914,4.5969e-04
49.9962311,4.3430e-04
50.0058746,3.6899e-04
50.0079765,2.4636e-04
50.0666237,3.8885e-04
50.0864449,3.4506e-04
50.0885468,3.9715e-04
50.1045341,3.4602e-04
50.1073227,3.5896e-04
50.1253891,4.0012e-04
50.1378021,4.2483e-04
50.1400070,2.5417e-04
50.1556206,3.3824e-04
50.1747818,2.6023e-04
50.1765480,7.2042e-04
50.1986313,2.6955e-04
50.2041206,4.7700e-04
50.2060356,3.9274e-04
50.2079544,2.9301e-04
50.2257843,2.7614e-04
50.2446365,4.3603e-04
50.2607536,3.2998e-04
50.2626953,2.8264e-04
50.2644958,3.3092e-04
50.2810860,6.2858e-04
50.2836838,3.3289e-04
50.3208923,3.4988e-04
50.3315239,2.8276e-04
50.3340302,8.8277e-04
50.3365059,3.5403e-04
50.3401794,2.9236e-04
50.3770332,2.8011e-03
50.4108887,4.6295e-04
50.4129677,2.7607e-04
50.4153519,2.7546e-04
50.4174194,2.5113e-04
50.4195099,5.2510e-04
50.4512062,3.7333e-04
50.4773178,3.7326e-04
50.4795036,4.2685e-04
50.5164299,3.7507e-04
50.5183640,3.0607e-04
50.5305405,2.4770e-04
50.5326385,2.9246e-04
50.5739250,2.7663e-04
50.6043816,3.2148e-04
50.6725159,3.3487e-04
50.7167130,1.3430e-03
50.7308769,3.9296e-03
50.7448997,2.2914e-03
50.7491760,3.8458e-04
50.7545357,2.7985e-04
50.7566414,2.5208e-04
50.7588577,3.6676e-04
50.7750893,3.6561e-04
50.7877350,1.0480e-03
50.7907143,2.9829e-04
50.8111420,3.9062e-04
50.8458443,3.1584e-04
50.8479195,3.2386e-04
50.8715935,2.9485e-04
50.8737221,8.7939e-04
50.9086380,3.3526e-04
50.9198608,3.6253e-04
50.9220963,3.2966e-04
50.9323769,4.2536e-04
50.9342690,2.7907e-04
50.9358711,2.3921e-04
50.9513664,3.9641e-04
50.9535446,4.0526e-04
50.9553680,4.3582e-04
50.9987488,3.2034e-04
51.0105553,3.9487e-04
51.0470352,2.6587e-04
51.0489006,3.5566e-04
51.0669670,6.6729e-04
51.0696449,2.8101e-04
51.0717697,3.7290e-04
51.0918617,3.4089e-04
51.1052094,2.5795e-04
51.1174583,5.7406e-04
51.1546478,4.1592e-04
51.1681786,3.0363e-04
51.1933250,3.0719e-04
51.2364082,3.1694e-04
51.2450485,6.5859e-04
51.2930641,3.2830e-04
51.3140221,3.2467e-04
51.3273468,6.8446e-04
51.3386917,2.9059e-04
51.3482208,5.2157e-04
51.3503265,3.4417e-04
51.3523483,2.7733e-04
51.3703728,4.2930e-04
51.3843040,2.4872e-04
51.4113350,3.1702e-04
51.4151421,2.6334e-04
51.4175949,2.6978e-04
51.4272728,3.3044e-04
51.4453964,1.3278e-03
51.4785881,3.6073e-04
51.4875984,5.1838e-04
51.5033264,2.6799e-04
51.5052185,2.7099e-04
51.5071564,2.7016e-04
51.5232162,2.7175e-04
51.5263443,6.0477e-04
51.5954208,4.2659e-04
51.5978279,2.6504e-04
51.5996284,2.5402e-04
51.6567650,3.2550e-04
51.7111092,3.2926e-04
51.7530136,2.9640e-04
51.7549896,2.6733e-04
51.7745094,2.9402e-04
51.7797127,5.0654e-04
51.7823524,2.9191e-04
51.8195381,9.8903e-04
51.8867569,3.4603e-04
51.8889618,3.2411e-04
51.9008369,3.7606e-04
51.9030495,3.1443e-04
51.9048920,2.9446e-04
51.9072380,3.3308e-04
51.9162331,2.9027e-04
51.9508400,6.6933e-04
51.9532089,3.5489e-04
51.9780769,5.1256e-04
51.9949112,3.1837e-04
51.9974594,3.0199e-04
51.9995613,3.1019e-04
52.0184288,5.0301e-04
52.0333557,3.7329e-04
52.0355225,5.0501e-04
52.0499878,3.2595e-02
52.0900612,6.5196e-04
52.0924301,3.3478e-04
52.1103439,3.7621e-04
52.1242599,4.3395e-04
52.1385117,3.3356e-04
52.1517105,4.9427e-04
52.1784668,3.2949e-04
52.1885910,2.9421e-04
52.2510033,4.0552e-04
52.3426666,4.1738e-04
52.3567619,4.5726e-04
52.3595543,5.2559e-04
52.3780327,3.1820e-04
52.3838959,4.4968e-04
52.3966217,3.7670e-04
52.4049072,3.6317e-04
52.4114494,5.3019e-04
52.4223633,2.7258e-04
52.4514694,3.4151e-04
52.4663315,3.1958e-04
52.4687881,3.0124e-04
52.4760780,3.2134e-04
52.4937592,3.3114e-04
52.5093765,4.5145e-04
52.5304565,2.6140e-04
52.5363235,3.7912e-04
52.5385056,4.3038e-04
52.5978317,3.2120e-04
52.5998650,2.5346e-04
52.6336098,2.6301e-04
52.6489296,2.8498e-04
52.6542892,3.1060e-04
52.6926041,3.6777e-04
52.7022858,4.0246e-04
52.7097092,4.3089e-04
52.7332840,3.5208e-04
52.7352982,3.3680e-03
52.7403679,4.2208e-04
52.7706795,5.4798e-04
52.7962074,2.7117e-04
52.8094101,3.1418e-04
52.8113976,2.9637e-04
52.8398933,2.6709e-04
52.8563156,3.7735e-04
52.8726501,3.4685e-04
52.9096527,4.3207e-04
52.9176216,3.4821e-04
52.9486656,4.0554e-04
52.9617386,5.5991e-04
52.9829140,3.5373e-04
52.9951706,2.8335e-04
53.0588913,3.1630e-04
53.1497269,3.5865e-04
53.1515999,7.9870e-04
53.1538353,3.4104e-04
53.1654167,8.2634e-04
53.2029305,2.6136e-04
53.2352333,4.2428e-04
53.2373161,3.8080e-04
53.2612381,6.0267e-04
53.2667351,5.6613e-04
53.2747536,3.6664e-04
53.2766037,4.4312e-04
53.2858276,4.3386e-04
53.3082008,3.2070e-04
53.3162918,3.8608e-04
53.3188171,3.5088e-04
53.3388405,3.4996e-04
53.4009819,3.5079e-04
53.4198151,5.9691e-04
53.4227066,3.7501e-04
53.4622650,4.3011e-04
53.4821014,2.7055e-04
53.5126915,3.8724e-04
53.5149384,3.0830e-04
53.5171127,3.5540e-04
53.5188751,2.2714e-04
53.5204086,2.0704e-04
53.5428734,4.6585e-04
53.5450325,2.7611e-04
53.5540924,4.7948e-04
53.5673370,3.0302e-04
53.5852280,4.2454e-04
53.6155815,3.0249e-04
53.6271706,3.9049e-04
53.6292267,3.0476e-04
53.6311340,4.8692e-04
53.6334496,2.5627e-04
53.7226334,3.1869e-04
53.7249374,3.0921e-04
53.7269325,3.4192e-04
53.7287674,3.1965e-04
53.7306175,2.7938e-04
53.7507820,3.2350e-04
53.7682724,3.2518e-04
53.7915497,3.5887e-04
53.8142586,3.8783e-04
53.8331642,4.4572e-04
53.8353386,2.9515e-04
53.8427467,3.8250e-04
53.8454704,3.0073e-04
53.8477783,3.3195e-04
53.8620491,3.4733e-04
53.8638344,3.3385e-04
53.8804703,3.0884e-04
53.8914642,8.2611e-04
53.8940010,4.6165e-04
53.8958778,6.3991e-04
53.9150314,3.3103e-04
53.9170303,3.5955e-04
53.9318085,7.9048e-04
53.9605865,4.0008e-04
53.9737511,3.7817e-04
53.9852448,4.9024e-04
54.0015259,4.4750e-04
54.0037842,4.2521e-04
54.0213089,3.3683e-04
54.0359268,3.0198e-04
54.0379829,1.0280e-03
54.0841026,3.2817e-04
54.1186905,5.0824e-04
54.1323166,2.3021e-04
54.1343765,2.8264e-04
54.1500816,3.8398e-04
54.1858826,3.0541e-04
54.1882515,3.4887e-04
54.1904984,3.2926e-04
54.1923714,2.4714e-04
54.2066422,4.6637e-04
54.2087593,4.1367e-04
54.2305298,3.3010e-04
54.2325249,3.7413e-04
54.2346458,3.4417e-04
54.2413177,2.7843e-04
54.2433853,2.5532e-04
54.2628746,4.3438e-04
54.2649002,3.1624e-04
54.2877312,2.9098e-04
54.2895584,2.3520e-04
54.2913170,2.6158e-04
54.3200378,2.5040e-04
54.3370438,2.8199e-04
54.3617172,5.5564e-04
54.3983765,4.0488e-04
54.4152222,1.4941e-03
54.4320869,2.8797e-04
54.4436035,3.8586e-04
54.4456635,2.6645e-04
54.4476929,3.6037e-04
54.4633141,3.6360e-04
54.4757500,5.6351e-04
54.4782219,3.6407e-04
54.4802818,3.2451e-04
54.4970551,2.6665e-04
54.5163345,3.6808e-04
54.5181580,3.5069e-04
54.5333099,4.6088e-04
54.5353432,2.7938e-04
54.5371437,2.4566e-04
54.5390396,2.5066e-04
54.5409355,2.9984e-04
54.5429535,3.9844e-04
54.5580597,2.7457e-04
54.5598335,2.9359e-04
54.5716171,2.8114e-04
54.5840950,4.8666e-04
54.5982857,2.5741e-04
54.6003876,2.8921e-04
54.6175880,2.7854e-04
54.6444206,3.7823e-04
54.6626167,3.3363e-04
54.6756058,4.6687e-04
54.6818581,3.2183e-04
54.6940727,3.5216e-04
54.7145004,3.4132e-04
54.7285957,4.8281e-04
54.7307968,2.9484e-04
54.7327271,2.7377e-04
54.7454605,4.3386e-04
54.7475891,3.3075e-04
54.7635956,2.6119e-04
54.7655487,2.6097e-04
54.7873230,4.3842e-04
54.8074226,3.4240e-04
54.8189545,3.2863e-04
54.8591576,5.6374e-04
54.8750000,4.1938e-04
54.8931274,4.5690e-04
54.9291954,2.0109e-03
54.9643059,1.0452e-02
54.9770393,2.8189e-04
54.9873047,3.4929e-04
55.0119820,3.2971e-04
55.0398674,3.8543e-04
55.0681648,3.1767e-04
55.0906715,3.1205e-04
55.1089134,3.4619e-04
55.1209106,2.7640e-04
55.1424522,3.4807e-04
55.1608849,3.3660e-04
55.1815948,3.2566e-04
55.2013168,3.9617e-04
55.2036705,3.6079e-04
55.2058067,4.4409e-04
55.2080460,3.4582e-04
55.2449074,2.7904e-04
55.2983932,3.2305e-04
55.3109398,3.7913e-04
55.3221359,3.0957e-04
55.3441238,3.1257e-04
55.3515282,4.2012e-04
55.3601418,3.0763e-04
55.3696823,3.3968e-04
55.3862076,3.9373e-04
55.3882103,4.2123e-04
55.3903313,2.6959e-04
55.4062004,3.0647e-04
55.4083214,3.8421e-04
55.4666595,1.4390e-03
55.4696426,2.8873e-04
55.4718552,3.1724e-04
55.4801064,7.1949e-04
55.4973679,5.1413e-04
55.4994965,3.2030e-04
55.5014191,2.9869e-04
55.5118103,1.5041e-03
55.5309525,3.7793e-04
55.5789566,2.5177e-04
55.5938339,3.5209e-04
55.6463013,4.3310e-04
55.6998367,3.5447e-04
55.7245369,3.3336e-04
55.7926636,3.6711e-04
55.8134384,3.1634e-04
55.8228149,3.1742e-04
55.8250046,3.1673e-04
55.8445053,3.4560e-04
55.8666115,3.1001e-04
55.8696556,4.7744e-04
55.8720741,3.7126e-04
55.8907242,3.3340e-04
55.8928146,2.7176e-04
55.8949280,3.3215e-04
55.8968048,3.3774e-04
55.8987541,2.5354e-04
55.9088020,2.7996e-04
55.9107170,3.7819e-04
55.9129219,3.4502e-04
55.9351349,4.1261e-04
55.9504738,2.9867e-04
55.9624176,3.2166e-04
55.9737396,6.3053e-04
55.9868736,2.7281e-04
55.9887314,3.3441e-04
55.9909477,2.7070e-04
56.0109901,2.9160e-04
56.0154610,2.6680e-04
56.0302048,2.4777e-04
56.0482521,2.7501e-04
56.0608826,2.7419e-04
56.0887032,3.0997e-04
56.1349068,2.8930e-04
56.1499100,3.8399e-04
56.1978378,2.7156e-04
56.2781181,3.0179e-04
56.2860107,2.9697e-04
56.2879333,3.6838e-04
56.3035278,3.7725e-04
56.3055000,2.3707e-04
56.3228111,3.4310e-04
56.3633118,3.6103e-04
56.3928986,3.2132e-04
56.3947906,2.6977e-04
56.3967018,2.7974e-04
56.3986053,2.6983e-04
56.4194946,3.3395e-04
56.4278336,3.1280e-04
56.4453316,3.0687e-04
56.4471588,2.9386e-04
56.4530029,3.2244e-04
56.4705124,2.9781e-04
56.4981346,2.7326e-04
56.5000420,3.0484e-04
56.5144615,2.6458e-04
56.5360184,4.6878e-04
56.5858078,4.3676e-04
56.6183319,3.3268e-04
56.6283646,3.8425e-04
56.6645355,3.4000e-04
56.6837921,3.4548e-04
56.6856232,4.4379e-04
56.7204475,3.3954e-04
56.7297897,4.4328e-04
56.7413940,3.8613e-04
56.7680092,4.0976e-04
56.7700500,2.9888e-04
56.7724991,3.7968e-04
56.8118324,3.2574e-04
56.8141212,3.2718e-04
56.8446884,3.9490e-04
56.8700790,2.5664e-04
56.9139404,2.6984e-04
56.9194298,2.7809e-04
56.9335327,3.9190e-04
56.9744568,2.8646e-04
56.9994125,5.2108e-04
57.0054588,3.2969e-04
57.0217400,3.5526e-04
57.0238914,2.7906e-04
57.0257492,2.7688e-04
57.0345993,2.9574e-04
57.0366821,3.3778e-04
57.0477104,3.6138e-04
57.0495605,2.5637e-04
57.0690918,3.4879e-04
57.1032677,3.2483e-04
57.1054153,3.1972e-04
57.1820450,3.9314e-04
57.1841965,2.8840e-04
57.2579079,3.5536e-04
57.2763863,2.6880e-04
57.2833557,3.9206e-04
57.3023605,2.6258e-04
57.3042793,2.2639e-04
57.3062096,4.0773e-04
57.3234367,3.4807e-04
57.3255501,2.5340e-04
57.3471451,5.5903e-04
57.3784027,2.4875e-04
57.3937111,4.3440e-04
57.3958778,2.9430e-04
57.4121246,3.2581e-04
57.5039024,3.9204e-04
57.5183411,3.5365e-04
57.5202942,2.7380e-04
57.5563431,3.4630e-04
57.5768661,3.0176e-04
57.5785828,2.4168e-04
57.5804176,2.7560e-04
57.6258888,3.0463e-04
57.6779518,3.1899e-04
57.7098312,4.4824e-04
57.7120247,2.6953e-04
57.7235603,3.5372e-04
57.7255859,2.9880e-04
57.7277260,4.0326e-04
57.7296562,7.0120e-04
57.7420235,2.7259e-04
57.9033356,1.5947e-03
57.9066925,3.0736e-04
57.9085312,2.3446e-04
57.9101448,3.5725e-04
57.9180298,3.8413e-04
57.9201927,2.7242e-04
57.9225311,3.0918e-04
57.9244804,2.5945e-04
57.9262962,2.9957e-04
57.9282799,2.9847e-04
57.9450645,3.6425e-04
57.9532318,3.0654e-04
57.9552956,3.7029e-04
57.9571609,2.4580e-04
58.0021477,2.7883e-04
58.0042801,2.7998e-04
58.0196877,2.9678e-04
58.0367203,3.4670e-04
58.0451431,2.6832e-04
58.0471001,2.9958e-04
58.0491142,3.6430e-04
58.0511780,3.8058e-04
58.0835266,3.5367e-04
58.0855370,3.5261e-04
58.1005211,5.1781e-04
58.1114807,3.5224e-04
58.1138496,3.8492e-04
58.1161995,3.8228e-04
58.2334137,3.9989e-04
58.2670631,3.4734e-04
58.3211746,3.2079e-04
58.3646164,4.1034e-04
58.3766747,4.6879e-04
58.3876534,3.4035e-04
58.4053802,4.7480e-04
58.4327049,7.1485e-04
58.4665375,3.7205e-04
58.4895554,5.6983e-04
58.5193100,3.4413e-04
58.5258026,5.4580e-04
58.5387306,3.5596e-04
58.5561066,4.1358e-04
58.5584488,4.3077e-04
58.5841827,4.6037e-04
58.5865479,3.0512e-04
58.5883255,3.0389e-04
58.6030846,3.6099e-04
58.6249275,3.9803e-04
58.6843834,4.7881e-04
58.7063560,4.8989e-04
58.7085762,2.8598e-04
58.7278175,3.2732e-04
58.7596130,2.8552e-04
58.7616959,4.8664e-04
58.7775955,4.3541e-04
58.7798576,3.1900e-04
58.7909622,3.3762e-04
58.7928772,5.5295e-04
58.8036919,3.8271e-04
58.9282646,5.0909e-04
58.9500275,3.2302e-04
58.9523315,3.6448e-04
58.9643555,3.6429e-04
59.0252571,3.9530e-04
59.0276527,2.7384e-04
59.0726738,3.2836e-04
59.0828629,4.2980e-04
59.0898438,4.9930e-04
59.1009560,4.2749e-04
59.1033669,3.2345e-04
59.1059875,3.1540e-04
59.1266022,3.0510e-04
59.1288109,3.8525e-04
59.1385384,3.1213e-04
59.1448059,4.2245e-04
59.1473656,4.4593e-04
59.1685333,2.8966e-04
59.1708717,3.2524e-04
59.2631721,2.8702e-04
59.2887421,3.4483e-04
59.3108635,2.5525e-04
59.3174171,5.5346e-04
59.4004860,5.4056e-04
59.4032707,3.4191e-04
59.4180107,2.6373e-04
59.4203148,5.8464e-04
59.4228745,3.0358e-04
59.4249573,4.0533e-04
59.4893951,5.7326e-04
59.4915657,2.6555e-04
59.5075989,3.5567e-04
59.5589256,5.2812e-04
59.5723038,7.4233e-04
59.5901985,2.8381e-04
59.5921707,3.1180e-04
59.6084175,3.7932e-04
59.6411896,3.7816e-04
59.6556740,5.4411e-04
59.6789665,3.4265e-04
59.7009163,2.7570e-04
59.7188416,9.3008e-04
59.7319756,3.4496e-04
59.7490959,2.6284e-04
59.8183060,2.8079e-04
59.8480797,3.7894e-04
59.8694992,4.5422e-04
59.9341011,4.4762e-04
59.9580956,4.1741e-04
59.9747696,3.6065e-04
59.9818077,2.7866e-04
59.9837303,3.6299e-04
59.9985123,3.0222e-04
60.0004349,2.6890e-04
60.0021553,3.2121e-04
60.0096130,3.3862e-04
60.0336876,3.7015e-04
60.0676308,3.6932e-04
60.0771332,3.9487e-04
60.0794640,3.2037e-04
60.1218834,3.1605e-04
60.2157822,3.5794e-04
60.2182045,3.8495e-04
60.2326698,6.3533e-04
60.2367439,3.0831e-04
60.2388191,2.9108e-04
60.2549400,2.8906e-04
60.2870026,3.2241e-04
60.2895203,4.1564e-04
60.3101425,3.1021e-04
60.3322220,3.1007e-04
60.3376579,5.6300e-04
60.3457336,4.0599e-04
60.3477173,3.4519e-04
60.3496895,2.8010e-04
60.3516235,2.7837e-04
60.3535843,2.5210e-04
60.3593941,3.7913e-04
60.3615990,3.0626e-04
60.3937645,2.7671e-04
60.3958130,2.9678e-04
60.4105072,4.7633e-04
60.4128571,2.9734e-04
60.4149551,3.8605e-04
60.4168587,2.8988e-04
60.4186020,3.7255e-04
60.4205933,2.4227e-04
60.4437447,2.8486e-04
60.4622345,2.6174e-04
60.4711800,4.6736e-04
60.4894028,2.9627e-04
60.5244942,3.6992e-04
60.5475006,2.7599e-04
60.6026001,2.9582e-04
60.6044617,3.3125e-04
60.6224365,2.7955e-04
60.6397896,3.2454e-04
60.6419678,3.8456e-04
60.6645126,4.2449e-04
60.6812096,3.0303e-04
60.7258530,2.8594e-04
60.7545662,3.5390e-04
60.7702255,3.2403e-04
60.7852325,3.8676e-04
60.8006554,4.6189e-04
60.8572731,3.8807e-04
60.8740196,3.1440e-04
60.9000359,3.4133e-04
60.9019966,4.2597e-04
60.9166336,3.2987e-04
60.9189987,3.2131e-04
60.9399109,3.3780e-04
60.9675102,3.8668e-04
60.9859886,3.2148e-04
60.9928513,3.1688e-04
61.0075607,4.9174e-04
61.0230637,4.3920e-04
61.0251846,3.6270e-04
61.0578423,2.7152e-04
61.0671310,3.7111e-04
61.0692558,3.1072e-04
61.0820847,4.9209e-04
61.0846443,5.0605e-04
61.0873871,3.5158e-04
61.0898132,3.3107e-04
61.0918007,3.3788e-04
61.1136971,3.5679e-04
61.1335144,4.2001e-04
61.1830063,3.0551e-04
61.2036476,3.9208e-04
61.2153053,3.6876e-04
61.2901077,3.0240e-04
61.3083916,3.4995e-04
61.3107033,3.3202e-04
61.3827667,4.0181e-04
61.3911743,3.1026e-04
61.4308624,3.2011e-04
61.4781303,3.8445e-04
61.5322304,3.5591e-04
61.5346336,4.3314e-04
61.5760193,3.9830e-04
61.5780678,3.3331e-04
61.6156197,2.7244e-04
61.6176910,3.6656e-04
61.6197548,4.7411e-04
61.6345406,3.8022e-04
61.6365585,3.2236e-04
61.6446609,3.7736e-04
61.6722755,3.2213e-04
61.6747284,3.6294e-04
61.6894684,3.9743e-04
61.7472458,5.0860e-04
61.7743797,3.5645e-04
61.7765198,4.3395e-04
61.7892838,3.1407e-04
61.8135414,2.7588e-04
61.8529892,4.3828e-04
61.8550758,5.0960e-04
61.8674469,3.5162e-04
61.8764648,7.6413e-04
61.8924179,4.9040e-04
61.8945160,2.5100e-04
61.9043198,5.2731e-04
61.9182205,3.3505e-04
61.9358940,3.6244e-04
62.0124435,3.7898e-04
62.0362892,3.0723e-04
62.0538750,2.7406e-04
62.0775261,3.2119e-04
62.0793533,2.9710e-04
62.0812683,3.3515e-04
62.1379929,3.6673e-04
62.2227211,3.5581e-04
62.2409401,5.0093e-04
62.2430878,3.3677e-04
62.2452202,2.9048e-04
62.2721863,2.8365e-04
62.2932091,4.6936e-04
62.2954407,3.2642e-04
62.3265991,3.0882e-04
62.3697090,3.0847e-04
62.3765602,4.3382e-04
62.3789024,3.2832e-04
62.3807602,3.8525e-04
62.3827019,3.2050e-04
62.3969345,3.3200e-04
62.4168243,3.0152e-03
62.4334564,7.1852e-04
62.4502678,3.4662e-04
62.4710503,2.9447e-04
62.4730759,3.6180e-04
62.4754715,3.1253e-04
62.4981194,7.0335e-04
62.5676193,4.2200e-04
62.6034241,3.0361e-04
62.7209511,3.9018e-04
62.7583885,2.8073e-04
62.7730331,2.7070e-04
62.7750168,8.0639e-04
62.7774200,3.1030e-04
62.7844734,3.0857e-04
62.7920761,3.4975e-04
62.7941742,3.1686e-04
62.7961273,3.3172e-04
62.8232193,3.5093e-04
62.8251076,2.5407e-04
62.8271446,2.9815e-04
62.8291206,2.5248e-04
62.8526497,2.8027e-04
62.8721085,2.8781e-04
62.9466476,3.5744e-04
62.9740677,2.6296e-04
63.0168114,3.6825e-04
63.0186691,3.2809e-04
63.0206680,3.3093e-04
63.0325928,3.6199e-04
63.0576744,3.2845e-04
63.0713959,4.8836e-04
63.0890503,7.6514e-04
63.1197014,4.2920e-04
63.1296463,4.6122e-04
63.1620483,3.5179e-04
63.1640663,3.7494e-04
63.1800423,4.3104e-04
63.1966362,3.3503e-04
63.2078705,2.8356e-04
63.2412834,8.6544e-04
63.2438316,4.3065e-04
63.2908707,3.0776e-04
63.3178406,5.1816e-04
63.3331146,3.0804e-04
63.3442192,4.6858e-04
63.3708572,4.8640e-04
63.3733864,4.4952e-04
63.4070091,3.3227e-04
63.4433670,3.1459e-04
63.4633293,2.7188e-04
63.4861031,3.3748e-04
63.5067749,2.6314e-04
63.5481644,2.7961e-04
63.5936775,3.6413e-04
63.6141052,3.4751e-04
63.6330147,3.4118e-04
63.6356239,5.9863e-04
63.6379433,3.0332e-04
63.6435966,3.1252e-04
63.6514854,3.1802e-04
63.6599998,4.2696e-04
63.6901131,3.7112e-04
63.6920776,3.1588e-04
63.6956100,3.6141e-04
63.7499008,3.1561e-04
63.7933502,3.2587e-04
63.8081779,2.9444e-04
63.8257561,3.5790e-04
63.8396034,3.8482e-04
63.8415833,2.6094e-04
63.8521423,2.7323e-04
63.8698196,3.7713e-04
63.8823929,2.9656e-04
63.9021378,2.5250e-04
63.9197769,2.8267e-04
63.9300461,3.9016e-04
63.9414291,2.9268e-04
63.9553299,3.2504e-04
63.9576492,4.6284e-04
63.9712219,3.5316e-04
63.9792366,2.9221e-04
63.9905052,2.6851e-04
63.9973259,2.5932e-04
64.0076599,4.5052e-04
64.0390244,3.2349e-04
64.0498962,3.7140e-04
64.0645370,3.1847e-04
64.0822830,2.9525e-04
64.0961838,2.7644e-04
64.1081696,2.7596e-04
64.1199112,3.1504e-04
64.1292725,2.7073e-04
64.1425323,4.0362e-04
64.1555328,2.6529e-04
64.1696091,2.8087e-04
64.1806870,3.2603e-04
64.1828232,3.9688e-04
64.1983719,3.2737e-04
64.2086639,3.2461e-04
64.2245178,4.3803e-04
64.2438354,3.0901e-04
64.2615814,2.6618e-04
64.2754440,2.8774e-04
64.3466797,3.0775e-04
64.3758011,2.7230e-04
64.3850861,2.8935e-04
64.3987961,4.5898e-04
64.4220886,2.8898e-04
64.4379578,3.3399e-04
64.4644623,3.0969e-04
64.4894257,2.8784e-04
64.5227814,3.7659e-04
64.5561676,3.0137e-04
64.5732117,3.9739e-04
64.5754318,2.4877e-04
64.5902100,3.6603e-04
64.6022110,3.5081e-04
64.6581955,2.7781e-04
64.6602859,2.8708e-04
64.6671753,2.4181e-04
64.6940155,2.9714e-04
64.6959763,3.0901e-04
64.7109909,3.7632e-04
64.7169113,3.6952e-04
64.7271729,3.5239e-04
64.7502670,3.0778e-04
64.7830200,3.3789e-04
64.7999649,5.2287e-04
64.8336182,2.0953e-02
64.8627472,3.8011e-04
64.8739395,3.1750e-04
64.8949814,2.8428e-04
64.9329681,4.9913e-04
64.9565201,1.0972e-02
65.1137924,3.5286e-04
65.1249542,3.5146e-04
65.1351624,2.9099e-04
65.1443481,3.0846e-04
65.1589050,3.1201e-04
65.1609192,2.0404e-02
65.1917191,6.2457e-04
65.2257919,3.9400e-04
65.2277222,2.9926e-04
65.2422485,2.7861e-04
65.2445068,3.0719e-04
65.2720566,4.4404e-04
65.2842789,3.7440e-04
65.3040466,4.8171e-04
65.3066635,3.0900e-04
65.3149719,3.1277e-04
65.3338089,4.3626e-04
65.3379822,3.2248e-04
65.3473816,4.4332e-04
65.3614273,3.9545e-04
65.3703842,4.0727e-04
65.4347153,4.5822e-04
65.4610977,2.5485e-02
65.4972000,3.0589e-04
65.5380630,3.2564e-04
65.5557404,7.4925e-04
65.5733719,3.5684e-04
65.5753250,2.7254e-04
65.5812149,2.7830e-04
65.6614151,6.1718e-04
65.7324753,3.2943e-04
65.7735748,4.0241e-04
65.7960892,3.3829e-04
65.8294601,2.9311e-04
65.8434601,3.8529e-04
65.8674393,3.4362e-04
65.9070129,4.9203e-04
65.9218445,3.2049e-04
65.9553452,3.6049e-04
65.9658661,2.4524e-04
66.0017776,3.0996e-04
66.0362854,3.0360e-04
66.0475922,2.9209e-04
66.0666046,2.9608e-04
66.0941086,4.1202e-04
66.1227722,3.3452e-04
66.1336594,2.8706e-04
66.1411819,3.2162e-04
66.1525040,2.9932e-04
66.1789627,2.4431e-04
66.2139206,4.3850e-04
66.2233276,4.4453e-04
66.2351913,3.5827e-04
66.2625732,2.6296e-04
66.2970276,3.0502e-04
66.3347397,7.1743e-04
66.4012070,2.8380e-04
66.5420303,2.9572e-04
66.6257324,2.8236e-04
66.6366348,3.3505e-04
66.6778259,4.0313e-04
66.6892395,3.5730e-04
66.7040863,4.3880e-04
66.7380981,2.8217e-04
66.8217316,2.9998e-04
66.8235626,2.8023e-04
66.8372040,3.4131e-04
66.8392715,7.9212e-04
66.8419800,3.0638e-04
66.8519821,3.4095e-04
66.8539734,6.5422e-04
66.8709183,3.6388e-04
66.8852997,6.7776e-04
66.9043732,3.1552e-04
66.9063110,3.8453e-04
66.9392700,3.1894e-04
66.9415588,4.1559e-04
66.9570007,3.5601e-04
66.9898758,3.0450e-04
67.0124893,3.0494e-04
67.0577011,2.8483e-04
67.1006241,4.0445e-04
67.1108246,3.2494e-04
67.1128235,2.6943e-04
67.1765823,5.0939e-04
67.1992416,3.0800e-04
67.2194519,3.6219e-04
67.2219925,3.5797e-04
67.2325974,3.0538e-04
67.2351227,3.3450e-04
67.2686005,4.0340e-04
67.3162003,3.3944e-04
67.3364868,3.1976e-04
67.3385696,2.7742e-04
67.3646698,3.1637e-04
67.4114532,3.4682e-04
67.4259491,3.8167e-04
67.4278641,2.7559e-04
67.4450607,3.5359e-04
67.4730530,3.2411e-04
67.4931946,2.8408e-04
67.5317154,3.3040e-04
67.5337677,3.6577e-04
67.5469284,3.7234e-04
67.5648193,2.7800e-04
67.5836487,4.9710e-04
67.6165924,3.0198e-04
67.6513901,2.6113e-04
67.6620331,4.1888e-04
67.7281876,3.0226e-04
67.7809906,2.6702e-04
67.7938309,2.9322e-04
67.8261642,6.5294e-04
67.8453827,2.9816e-04
67.8586502,3.8947e-04
67.8718872,3.7794e-04
67.9140472,3.5012e-04
67.9364243,2.9361e-04
67.9483871,6.4263e-04
67.9753113,2.8646e-04
67.9933548,3.2984e-04
68.0128479,3.9433e-04
68.0369720,4.5968e-04
68.0918427,5.5341e-04
68.1081772,3.9837e-04
68.1105652,2.7534e-04
68.1233521,3.2012e-04
68.1562500,3.8504e-04
68.1874008,3.5691e-04
68.1893616,3.4193e-04
68.2137909,2.6871e-04
68.2488632,3.4828e-04
68.3745575,3.1897e-04
68.3808365,3.9556e-04
68.3861542,4.0779e-04
68.3884430,2.9024e-04
68.3906021,4.0891e-04
68.3925323,2.7920e-04
68.4653549,3.5736e-04
68.4900208,4.1740e-04
68.5013351,3.3693e-04
68.5201797,3.7550e-04
68.5480347,5.5419e-04
68.5506821,3.6411e-04
68.5640488,3.2987e-04
68.6005096,3.1210e-04
68.6153641,3.5742e-04
68.6173401,3.2713e-04
68.6316986,3.0945e-04
68.6442032,5.5343e-04
68.6552658,5.2178e-04
68.6761093,3.7538e-04
68.7174301,3.7229e-04
68.7209930,7.4880e-04
68.7233582,4.0980e-04
68.7460785,2.8873e-04
68.7685165,4.6801e-04
68.7897568,3.1694e-04
68.8102264,5.8545e-04
68.8222198,1.1141e-02
68.8352585,4.7113e-04
68.8597107,3.3959e-04
68.8736496,7.3783e-04
68.8766098,3.3783e-04
68.8794785,3.3425e-04
68.8941574,3.5232e-04
68.9188080,4.7653e-04
68.9294739,3.5353e-04
68.9832916,3.4931e-04
68.9865723,3.3734e-04
68.9913483,3.8091e-04
69.0153885,5.3442e-04
69.0178223,4.0396e-04
69.0200500,3.9000e-04
69.0311737,4.0337e-04
69.0484467,3.8251e-04
69.0699997,3.8815e-04
69.0936966,2.6113e-04
69.1643753,3.7215e-04
69.1748276,3.1735e-04
69.1882248,4.8048e-04
69.2026978,4.6558e-04
69.2361221,3.6705e-04
69.2384796,2.6852e-04
69.2780457,3.8755e-04
69.2979889,2.9262e-04
69.3000565,3.0883e-04
69.3107071,3.9540e-04
69.3132782,4.5795e-04
69.3155212,2.7691e-04
69.3175201,3.4888e-04
69.3318176,4.1281e-04
69.3340759,3.1472e-04
69.3485565,4.1071e-04
69.3507385,6.2043e-04
69.3530579,3.5669e-04
69.3637848,3.8006e-04
69.3756104,2.9107e-04
69.3777466,3.7701e-04
69.3947067,2.4988e-04
69.3964615,2.8601e-04
69.4165497,2.9139e-04
69.4433594,3.0629e-04
69.4642181,3.9504e-04
69.4808884,4.7675e-04
69.4829178,4.3740e-04
69.4851151,5.7264e-04
69.5218964,3.0824e-04
69.5238266,3.2231e-04
69.5624084,3.6223e-04
69.5748367,8.0001e-04
69.5780029,3.3131e-04
69.5996475,5.0881e-03
69.6176987,4.2369e-04
69.6346054,2.8832e-04
69.6522751,3.8092e-04
69.6894836,4.2972e-04
69.7042084,3.1751e-04
69.7520218,2.6512e-04
69.7929993,3.9177e-04
69.7951508,3.5353e-04
69.7975159,3.4470e-04
69.8146896,3.6604e-04
69.8270798,3.8651e-04
69.8463364,4.3444e-04
69.8484421,3.3070e-04
69.8507156,3.4380e-04
69.8622742,3.9754e-04
69.8645554,2.8540e-04
69.8765717,2.8818e-04
69.8821030,7.1559e-04
69.9085999,3.1374e-04
69.9105682,2.9424e-04
69.9327164,3.8903e-04
69.9695282,3.6490e-04
69.9823456,5.2500e-04
69.9849243,3.7017e-04
70.0221176,4.5586e-04
70.0568924,3.4792e-04
70.0587997,2.9096e-04
70.0847168,3.1303e-04
70.0866470,2.4931e-04
70.1742325,3.3018e-04
70.2053833,2.6606e-04
70.2205734,4.5797e-04
70.2298584,3.3104e-04
70.2455826,4.0027e-04
70.2562332,3.8875e-04
70.2739105,5.1800e-04
70.2765808,3.9131e-04
70.3288879,5.7872e-04
70.3412704,3.5907e-04
70.3578262,4.5379e-04
70.3931351,3.6202e-04
70.3953552,4.4118e-04
70.4006729,4.5176e-04
70.4685898,4.4898e-04
70.5154495,2.5979e-04
70.5174713,3.5501e-04
70.5194702,3.2110e-04
70.5215302,2.4046e-04
70.5302811,6.6015e-04
70.5478897,2.6565e-04
70.5792313,3.1299e-04
70.5811996,4.5440e-04
70.5896301,3.3869e-04
70.6060715,3.0558e-04
70.6115723,3.1462e-04
70.6160355,3.1409e-04
70.6179199,3.1131e-04
70.6199951,4.3074e-04
70.6222534,2.4296e-04
70.6510239,3.8777e-04
70.6531219,3.3949e-04
70.6702652,2.9965e-04
70.6993256,2.9575e-04
70.7012863,3.0588e-04
70.7033081,2.8531e-04
70.7052994,2.7149e-04
70.7296219,3.9677e-04
70.7317123,2.8674e-04
70.7341537,2.6828e-04
70.7462540,4.4762e-04
70.7486725,5.3970e-04
70.7648621,3.3683e-04
70.7789078,3.4515e-04
70.7984924,2.8085e-04
70.8239594,3.6573e-04
70.8609543,3.2528e-04
70.8950043,4.3530e-04
70.9438095,4.1960e-04
70.9533463,3.4726e-04
70.9727707,3.3484e-04
70.9883118,8.7482e-04
71.0059204,3.3366e-04
71.0575790,3.6022e-04
71.0600967,5.5567e-04
71.0958481,3.4987e-04
71.1272125,3.8839e-04
71.1310120,4.4896e-04
71.1723938,3.5951e-04
71.1983414,4.4690e-04
71.2005386,3.5861e-04
71.2092667,3.3962e-04
71.2249908,3.4161e-04
71.2372894,2.8642e-04
71.2569580,2.7384e-04
71.2938385,3.0655e-04
71.3020706,5.6853e-04
71.3136368,4.0528e-04
71.3186035,4.2291e-04
71.3402863,3.6463e-04
71.3425903,3.3716e-04
71.3447418,3.6361e-04
71.3689651,3.3855e-03
71.3741379,3.6714e-04
71.3909912,3.6192e-04
71.4100723,4.3764e-04
71.4127731,3.9655e-04
71.4168472,5.4409e-04
71.4446030,4.7971e-04
71.5067215,3.8717e-04
71.5398865,3.3620e-04
71.5628433,3.3930e-04
71.5648880,3.8247e-04
71.5795593,5.2347e-04
71.6056671,4.3609e-04
71.6215897,3.9082e-04
71.6507111,4.9047e-04
71.6535187,1.1386e-03
71.6568680,5.0608e-04
71.6968079,3.2065e-04
71.7454758,3.9667e-04
71.7640457,3.1191e-04
71.7660065,3.1578e-04
71.7694550,2.7249e-04
71.7714539,3.3086e-04
71.7733154,3.3203e-04
71.7948914,3.7637e-04
71.7993240,3.4975e-04
71.8193130,5.4094e-04
71.8330841,4.9758e-04
71.8518677,2.1897e-03
71.9031067,3.5150e-04
71.9307785,5.8024e-04
71.9753799,3.1200e-04
71.9774399,3.2250e-04
71.9976578,3.2397e-04
72.0078430,3.5974e-04
72.0098495,3.0941e-04
72.0292816,3.3178e-04
72.0589905,3.3190e-04
72.0650101,4.0064e-04
72.0828705,4.1908e-04
72.1381073,4.0553e-04
72.1750946,4.5309e-04
72.1773605,5.2777e-04
72.1795731,3.0139e-04
72.1928329,3.6740e-04
72.2178650,2.7002e-04
72.2210922,3.5157e-04
72.2523346,3.9483e-04
72.2970200,2.9697e-04
72.3419495,5.8463e-04
72.3441925,3.2227e-04
72.3764801,3.0176e-04
72.3999329,3.3765e-04
72.4367294,3.4865e-04
72.4496689,4.5587e-04
72.5062943,4.0506e-04
72.5637894,2.7984e-04
72.5657120,3.0464e-04
72.5733261,4.1318e-04
72.5753632,2.7104e-04
72.6130829,4.0814e-04
72.6250153,4.9969e-04
72.6619949,2.5204e-04
72.6667557,3.3990e-04
72.6776352,3.6787e-04
72.7079086,5.5291e-04
72.7200928,3.2166e-04
72.7219467,3.2800e-04
72.7353821,3.2519e-04
72.7672195,3.4296e-04
72.7693100,3.9754e-04
72.7993011,5.4342e-04
72.8157501,3.9428e-04
72.8375168,6.5520e-04
72.8590851,4.0691e-04
72.8820267,4.4176e-04
72.9020462,2.9018e-04
72.9172821,5.9879e-04
72.9527969,6.6509e-04
72.9988861,2.7874e-04
73.0319595,5.5903e-04
73.0920792,3.2120e-04
73.1140213,4.0230e-04
73.1278687,1.1328e-03
73.1598511,5.2566e-04
73.1628113,4.2330e-04
73.1649857,3.6090e-04
73.2140274,4.8384e-04
73.2453156,3.7257e-04
73.2546768,3.2392e-04
73.2568054,3.4384e-04
73.2887878,3.3813e-04
73.3076096,2.8016e-04
73.3411713,4.3115e-04
73.3589325,3.5404e-04
73.3692322,3.3361e-04
73.3857574,2.6423e-04
73.4020004,3.2814e-04
73.4083328,3.2452e-04
73.4168015,3.4565e-04
73.4472885,3.0513e-04
73.4540176,3.7656e-04
73.4750290,2.8891e-04
73.4770966,3.0672e-04
73.4789658,3.0477e-04
73.5046158,3.1806e-04
73.5271988,3.3896e-04
73.5523605,3.1204e-04
73.5601501,2.6352e-03
73.5765076,3.0860e-04
73.5783310,2.9333e-04
73.5802765,3.2913e-04
73.5824127,2.6640e-04
73.5841370,3.0425e-04
73.6061172,4.2888e-04
73.6179962,3.1274e-04
73.6200409,2.6213e-04
73.6223297,2.6348e-04
73.6243286,3.7570e-04
73.6328430,3.7285e-04
73.6352844,4.7655e-04
73.6375885,2.9425e-04
73.6394272,2.6138e-04
73.6411896,2.5004e-04
73.6718369,3.2168e-04
73.6844177,4.5294e-04
73.7429199,3.8516e-04
73.7575912,2.4727e-04
73.7647018,3.7121e-04
73.7829742,3.4646e-04
73.7848587,2.8655e-04
73.7870865,3.9394e-04
73.8072205,3.6106e-04
73.8169937,3.7477e-04
73.8278046,2.6939e-04
73.8489609,3.8787e-04
73.8515015,3.4410e-04
73.8635330,3.2399e-04
73.8953018,3.3937e-04
73.9410324,2.9734e-04
73.9577026,3.7346e-04
73.9801178,3.1803e-04
73.9821243,5.9887e-04
73.9843369,4.7849e-04
74.0507126,3.9190e-04
74.0667496,3.9060e-04
74.0691376,3.0079e-04
74.0714493,2.9471e-04
74.0732651,2.6266e-04
74.0939941,4.0964e-04
74.1037064,2.9653e-04
74.1055069,2.8385e-04
74.1195221,3.0032e-04
74.1370392,4.0156e-04
74.1562042,3.5495e-04
74.1729813,3.3287e-04
74.1931992,3.7279e-04
74.1955109,4.6547e-04
74.1979904,7.1359e-04
74.2004395,2.9145e-04
74.2181931,3.3373e-04
74.2286301,2.8871e-04
74.2308884,1.7508e-03
74.2661667,2.8945e-04
74.2926788,1.7083e-04
74.3117065,3.8253e-04
74.3139343,3.9031e-04
74.3253403,3.2503e-04
74.3274078,3.6751e-04
74.3293076,3.2443e-04
74.3314514,3.7251e-04
74.3673859,3.7807e-04
74.3834610,4.2164e-04
74.3856735,3.0622e-04
74.4000854,4.3369e-04
74.4022598,3.7110e-04
74.4233475,7.4054e-04
74.4313965,8.4932e-04
74.4343262,4.3634e-04
74.4538269,3.1106e-04
74.4712448,3.5673e-04
74.4796600,5.5229e-04
74.5041809,3.5873e-04
74.5061874,6.3332e-04
74.5084991,3.7469e-04
74.5379410,4.0896e-04
74.5399170,2.9000e-04
74.5896683,3.3466e-04
74.5916748,4.1341e-04
74.6053848,4.7895e-04
74.6116638,3.1603e-04
74.6488113,3.5655e-04
74.6606369,1.9870e-04
74.7017593,4.0659e-04
74.7177200,4.5436e-04
74.7520752,2.9698e-04
74.7541046,5.7354e-04
74.7591476,4.1709e-04
74.8103714,8.2113e-04
74.8562317,3.1319e-04
74.8737335,5.9235e-04
74.9180222,3.0566e-04
74.9316788,2.9715e-04
75.0171051,3.8540e-04
75.0382767,3.4840e-04
75.0474396,3.4030e-04
75.0644760,3.9071e-04
75.0801926,3.1791e-04
75.0968170,3.5027e-04
75.0988617,4.0032e-04
75.1009140,3.3850e-04
75.1029587,3.2053e-04
75.1050339,3.8857e-04
75.1070023,3.3437e-04
75.1088257,2.9035e-04
75.1261978,3.9477e-04
75.1282272,3.2347e-04
75.1301804,3.2059e-04
75.1323395,3.1693e-04
75.1470871,2.9673e-04
75.1493073,3.2566e-04
75.1511765,2.7298e-04
75.1532516,3.2375e-04
75.1550980,2.9991e-04
75.1568909,3.2881e-04
75.1590500,3.9630e-03
75.1779556,2.5227e-04
75.2059250,3.4192e-04
75.2207336,3.1313e-04
75.2324066,3.4935e-04
75.2345505,3.4060e-04
75.2539673,3.0227e-04
75.2711563,4.6326e-04
75.2751617,4.8435e-04
75.2882462,4.3737e-04
75.3095856,1.6294e-03
75.3128815,2.7392e-04
75.3401413,2.5889e-04
75.3568954,2.9742e-04
75.3680725,2.9241e-04
75.3701630,2.4990e-04
75.3853912,4.7777e-04
75.4009247,4.7359e-04
75.4171219,3.3090e-04
75.4334717,3.2166e-04
75.4368057,3.5320e-04
75.4446259,3.1630e-04
75.4583511,9.4255e-03
75.4779892,4.5464e-04
75.4972916,3.1863e-04
75.5153351,3.8086e-04
75.5569000,2.5818e-04
75.6289139,3.5147e-04
75.6462097,3.4125e-04
75.6546173,2.7248e-04
75.7013092,3.5021e-04
75.7033157,3.2815e-04
75.7221603,3.0321e-04
75.7418137,4.1739e-04
75.7596741,3.2698e-04
75.7865982,2.7215e-04
75.7966156,5.4505e-04
75.8093948,4.1638e-04
75.8118286,5.2854e-04
75.8146591,8.3803e-04
75.8477097,2.9045e-04
75.8640900,3.4482e-04
75.8660736,2.2406e-04
75.9011459,4.1354e-04
75.9230499,4.9187e-04
75.9401627,3.2172e-04
75.9829941,2.7421e-04
76.0827484,4.4698e-04
76.0978546,3.3558e-04
76.1235123,3.8476e-04
76.1466217,4.0537e-04
76.1688843,3.2176e-04
76.1869888,4.0158e-04
76.1960373,6.1607e-04
76.1983719,7.6493e-04
76.2192154,4.9801e-04
76.2216568,2.9968e-04
76.2544785,4.5556e-04
76.2717590,2.9189e-04
76.3357086,2.4599e-04
76.3656998,5.4799e-04
76.3831329,5.9145e-04
76.3970871,3.2527e-04
76.3990936,3.4636e-04
76.4146271,2.9814e-04
76.4165115,2.8055e-04
76.4726410,3.4897e-04
76.4749832,3.4583e-04
76.4834442,2.9458e-04
76.4855194,2.9362e-04
76.4921188,3.0761e-04
76.5052643,4.0100e-04
76.5152283,3.8465e-04
76.5284195,2.7140e-04
76.5505676,4.0297e-02
76.6029663,3.0506e-04
76.6137772,3.2193e-04
76.6269302,2.9028e-04
76.6290436,3.0787e-04
76.6427689,3.1110e-04
76.6446915,1.4790e-03
76.6527481,2.0372e-03
76.6760406,2.7904e-04
76.7076416,2.6154e-04
76.7094269,3.4831e-04
76.7173080,2.8392e-04
76.7348022,3.5765e-04
76.7623215,3.2000e-04
76.7646561,3.6487e-04
76.7817307,3.0312e-04
76.7954025,2.7535e-04
76.7972565,3.3488e-04
76.8331909,2.5932e-04
76.8566132,3.3778e-04
76.8648300,3.0273e-04
76.8666916,2.5837e-04
76.8733215,2.7942e-03
76.8787918,3.5372e-04
76.8876038,4.2646e-04
76.9028778,2.5983e-04
76.9202423,3.5707e-04
76.9358139,3.4466e-04
76.9378738,4.2512e-04
76.9625778,3.1937e-04
76.9812698,3.5710e-04
77.0057373,3.5848e-04
77.0134277,3.4191e-04
77.0157013,4.5848e-04
77.0299988,2.5192e-04
77.0433121,3.3692e-04
77.0528488,5.8318e-04
77.0549545,3.0908e-04
77.0568237,2.7522e-04
77.0692978,2.8164e-04
77.0860367,3.1246e-04
77.1030960,4.1094e-04
77.1635590,3.7839e-04
77.1973953,3.0512e-04
77.2107010,3.5994e-04
77.2878952,3.2074e-04
77.3132629,4.1242e-04
77.3153610,3.5658e-04
77.3173752,2.6168e-04
77.3192291,2.9135e-04
77.3338470,3.0233e-04
77.3472290,3.1123e-04
77.3493118,4.1069e-04
77.3513718,4.1784e-04
77.3533020,3.6423e-04
77.3741302,2.9147e-04
77.3898239,8.6343e-04
77.4197159,5.4080e-04
77.4611435,3.9406e-04
77.4803696,5.1362e-04
77.4993896,3.3704e-04
77.5017319,4.1560e-04
77.5043869,4.4413e-04
77.6058044,4.3351e-04
77.6253052,3.1724e-04
77.6506424,3.9645e-04
77.6533661,2.7969e-04
77.6688461,3.3606e-04
77.6797256,4.8490e-04
77.7016678,3.2910e-04
77.7037354,4.9157e-04
77.7329178,3.7964e-04
77.7397766,3.9389e-04
77.7558899,3.4274e-04
77.8189545,3.7073e-04
77.8467178,3.1987e-04
77.9074478,3.0841e-04
77.9544220,3.3405e-04
77.9847794,3.5540e-04
77.9976120,4.9053e-04
78.0160599,3.9034e-04
78.0427475,2.8111e-04
78.0802994,3.1015e-04
78.0827255,3.4880e-04
78.0847778,3.2067e-04
78.0865860,2.6760e-04
78.1137390,8.4789e-04
78.1683807,3.8943e-04
78.1839142,3.0665e-04
78.2130585,3.0388e-04
78.2237167,3.2628e-04
78.2496338,3.4812e-04
78.2568588,3.0208e-04
78.2626724,2.6376e-04
78.2945938,3.7389e-04
78.3148956,1.8919e-02
78.3363113,4.2101e-04
78.3631134,4.5445e-04
78.3652420,3.1656e-04
78.3737564,4.3167e-04
78.4021301,3.6236e-04
78.4210815,5.3575e-04
78.4235382,3.3924e-04
78.4460373,3.4264e-04
78.5481644,2.8980e-04
78.5665665,3.2590e-04
78.6027832,3.5417e-04
78.6048279,7.1845e-04
78.6107559,2.9521e-04
78.6378174,3.3643e-04
78.6721954,4.8276e-04
78.6853180,4.1943e-04
78.7178116,3.1838e-04
78.7314911,2.8189e-04
78.7342300,4.0251e-04
78.7362137,2.5821e-04
78.7656250,4.0667e-04
78.8147888,5.6483e-04
78.8361206,4.2013e-04
78.8570404,3.4561e-04
78.8872299,3.0019e-04
78.9398346,4.2471e-04
78.9422607,3.1485e-04
78.9535828,3.6167e-04
79.0584717,4.8713e-04
79.0607758,3.1282e-04
79.0698090,3.5971e-04
79.0725708,6.2470e-04
79.1049118,1.4227e-03
79.1084137,4.9768e-04
79.1106415,3.6964e-04
79.1493378,2.9140e-04
79.1516266,3.7291e-04
79.1538773,3.5939e-04
79.1585617,2.6177e-04
79.1671066,3.2356e-04
79.1815414,8.6588e-04
79.2505188,3.0967e-04
79.3009033,3.1318e-04
79.3029175,3.5996e-04
79.3048630,3.1948e-04
79.3175507,2.9681e-04
79.3353729,3.0729e-04
79.3373413,2.6607e-04
79.3566895,3.5757e-04
79.4002838,4.7023e-04
79.4023514,5.8002e-04
79.4095001,4.6679e-04
79.4115601,4.3846e-04
79.4139862,5.2947e-04
79.4272003,5.7560e-04
79.4357529,5.8816e-04
79.4510269,4.9730e-04
79.4655991,5.7614e-04
79.4818726,1.7005e-03
79.4869232,5.3473e-04
79.5028076,4.5023e-04
79.5354156,3.0450e-04
79.5378876,3.6474e-04
79.5402451,2.8867e-04
79.6147232,2.6207e-03
79.6192398,3.7050e-04
79.6343155,2.5140e-04
79.6362457,3.6790e-04
79.6629868,3.5750e-04
79.6649780,4.5642e-04
79.6686172,2.8704e-04
79.6703262,2.9692e-04
79.6927643,4.1821e-04
79.7107315,4.6026e-04
79.7590714,2.5481e-04
79.7740860,2.6498e-04
79.8273087,3.3020e-04
79.8487015,3.4106e-04
79.8661652,3.7314e-04
79.9419327,3.6085e-04
79.9478607,3.0362e-04
79.9859314,3.0576e-04
80.0009995,3.8823e-04
80.0143509,3.1752e-04
80.0164566,3.0639e-04
80.0185471,4.2090e-04
80.0205154,2.6482e-04
80.0225983,2.7409e-04
80.0250244,3.5383e-04
80.0269775,3.0282e-04
80.0289307,4.4358e-04
80.0313034,4.3334e-04
80.0682602,3.3306e-04
80.1274261,2.6046e-04
80.1446152,4.0698e-04
80.1657333,3.3019e-04
80.1728210,3.9167e-04
80.2326279,3.4362e-04
80.2731323,3.5915e-04
80.3133850,3.7550e-04
80.3386154,3.4296e-04
80.3591080,4.0826e-04
80.4002533,3.9923e-04
80.4146957,3.5405e-04
80.4337311,3.2571e-04
80.4524307,2.6725e-04
80.4791718,3.0117e-04
80.4813385,2.4033e-04
80.5093994,4.0290e-04
80.5418625,2.9960e-04
80.5543365,3.3186e-04
80.5685272,6.3201e-04
80.5906372,3.6798e-04
80.6166077,3.9128e-04
80.6478348,3.3025e-04
80.6499252,5.6106e-04
80.6521759,3.3963e-04
80.6842804,4.9505e-04
80.6866074,3.4944e-04
80.8012772,2.9529e-04
80.8084488,3.7453e-04
80.8105621,4.2750e-04
80.8559799,4.7150e-04
80.8696060,3.3025e-04
80.8715820,3.2282e-04
80.8733368,3.7583e-04
80.9175644,2.6570e-04
80.9319534,3.1412e-04
80.9339294,2.5052e-04
80.9354706,2.6741e-04
80.9588242,3.3370e-04
80.9751053,5.0599e-04
80.9927902,4.3492e-04
80.9979935,3.5856e-04
81.0085449,4.3683e-04
81.0427017,3.5032e-04
81.0567780,3.8638e-04
81.1116562,3.8430e-04
81.1134949,2.8330e-04
81.1625595,4.9126e-04
81.1829681,4.8380e-04
81.1853104,3.2424e-04
81.2045975,4.0521e-04
81.2065430,3.6791e-04
81.2203445,3.5474e-04
81.2634659,3.8189e-04
81.2659607,3.3858e-04
81.2985229,3.3234e-04
81.3135605,3.9154e-04
81.3230438,7.5848e-04
81.3401108,3.5179e-04
81.3535080,3.8442e-04
81.3679962,3.7911e-04
81.3701782,2.7956e-04
81.3766174,3.9175e-04
81.3788300,3.8243e-04
81.4116592,3.1395e-04
81.4331665,3.0773e-04
81.4415436,4.0690e-04
81.4449615,7.4844e-04
81.4480820,1.7480e-03
81.5223160,3.1754e-04
81.5362549,3.2760e-04
81.5500946,3.5567e-04
81.5614014,3.9761e-04
81.5647430,3.4580e-04
81.5667419,4.1618e-04
81.5690918,2.7540e-04
81.5710144,3.9695e-04
81.5772858,2.9926e-04
81.6129837,3.8304e-04
81.6288147,2.8903e-04
81.6856766,2.9898e-04
81.6875916,3.3325e-04
81.7012558,3.9137e-04
81.7115555,3.1427e-04
81.7199173,3.0522e-04
81.7220917,4.4982e-04
81.7372665,4.5301e-04
81.7398300,3.4718e-04
81.7496185,6.4985e-04
81.7546005,3.0019e-04
81.7673492,8.7394e-04
81.8317032,3.0162e-04
81.8755341,7.3838e-04
81.8779068,3.0320e-04
81.8906860,5.3425e-04
81.8925323,2.9381e-04
81.8945618,3.1662e-04
81.9119263,3.0200e-04
81.9237595,1.4041e-02
81.9403152,3.1015e-04
81.9685211,5.1948e-04
81.9707794,3.7389e-04
81.9793549,4.1451e-04
81.9817581,3.1014e-04
82.0028152,3.3916e-04
82.0049667,3.0878e-04
82.0068207,2.9780e-04
82.0255966,2.0853e-04
82.0275574,3.3421e-04
82.0294037,3.4500e-04
82.0314407,3.2165e-04
82.0409470,3.4376e-04
82.0778732,3.2820e-04
82.1057205,3.2458e-04
82.1586304,4.0328e-04
82.1606522,2.8132e-04
82.1625443,5.2976e-04
82.1848831,4.3843e-04
82.1871262,3.2246e-04
82.2012634,4.1661e-04
82.2038422,3.6530e-04
82.2139511,4.8790e-04
82.2497635,3.7158e-04
82.2520523,3.4670e-04
82.2617722,3.1750e-04
82.2780228,3.6672e-04
82.2880630,4.6885e-04
82.2902145,3.5730e-04
82.3354416,3.8390e-04
82.3708038,3.0138e-04
82.4239120,3.5360e-04
82.4494171,4.8116e-04
82.4544296,3.1965e-04
82.4571304,4.1763e-04
82.4593964,3.2690e-04
82.4851379,4.0433e-04
82.5856018,4.6386e-04
82.5879745,6.1367e-04
82.5900269,2.9926e-04
82.5920105,3.0765e-04
82.6127472,3.4968e-04
82.6398315,2.7988e-04
82.6552277,2.9925e-04
82.6570282,2.7520e-04
82.6587906,4.2430e-04
82.6606903,7.9512e-04
82.6664810,2.4721e-04
82.6926956,4.0862e-04
82.6946793,2.9042e-04
82.6968307,2.6632e-04
82.7014542,5.3946e-03
82.7087021,2.7419e-04
82.7103119,2.4855e-04
82.7217026,7.8646e-04
82.7775650,3.0281e-04
82.7898560,5.2032e-04
82.7990723,3.0537e-04
82.8230743,2.8821e-04
82.8312759,3.4096e-04
82.8851013,5.0767e-04
82.9225388,3.0858e-04
82.9275589,4.6531e-04
82.9297562,4.0368e-04
82.9358444,3.2967e-04
82.9438782,2.8951e-04
82.9722519,4.0051e-04
82.9973221,3.6862e-04
83.0256271,3.9591e-04
83.0807190,1.7391e-03
83.1111755,3.5369e-04
83.1234055,3.0523e-04
83.1278839,2.6117e-04
83.1406860,3.2143e-04
83.1759796,2.6862e-04
83.1782150,6.7532e-04
83.1806107,3.1619e-04
83.2038803,3.4457e-04
83.2062378,3.0127e-04
83.2087784,2.8500e-04
83.2153625,4.7260e-04
83.2253342,3.6171e-04
83.2300491,4.2837e-04
83.2322693,3.2424e-04
83.2344513,2.7897e-04
83.2833023,6.9930e-04
83.3186874,4.3617e-04
83.3378906,5.1682e-04
83.3403015,5.0092e-04
83.3507614,3.0194e-04
83.3550186,2.9187e-04
83.3576355,2.8917e-04
83.3985825,3.9532e-04
83.4134979,3.0685e-04
83.4518433,3.2368e-04
83.5047607,3.2520e-04
83.5285645,4.1912e-04
83.5449219,3.4398e-04
83.5872040,3.1492e-04
83.6503143,3.2654e-04
83.6821899,3.6432e-04
83.7020264,3.2509e-04
83.7062302,3.5973e-04
83.7200012,3.5037e-04
83.7226410,3.2492e-04
83.7386551,4.4091e-04
83.7409286,3.8162e-04
83.7430420,3.8910e-04
83.7511749,4.4301e-04
83.7913895,2.9586e-04
83.7933197,1.9878e-03
83.7970810,3.7628e-04
83.8106461,4.5074e-04
83.8128357,2.6454e-04
83.8148117,3.1478e-04
83.8168793,6.5606e-04
83.8292923,2.8574e-04
83.8313293,3.0899e-04
83.8529739,3.0411e-04
83.8551102,3.6817e-04
83.8576660,4.1412e-04
83.8599014,2.7802e-04
83.8787613,4.2507e-04
83.8940201,4.5613e-04
83.9139633,3.8855e-04
83.9224167,3.8300e-04
83.9244919,2.8314e-04
83.9263992,3.3915e-04
83.9637527,3.7420e-04
83.9772720,2.7914e-04
84.0046387,3.0108e-04
84.0274048,5.6608e-04
84.0942459,4.1222e-04
84.1487579,2.8347e-04
84.1523285,3.2480e-04
84.1683044,2.7233e-04
84.1863556,3.0514e-04
84.2033386,4.0090e-04
84.2301025,3.9855e-04
84.2447281,2.5548e-04
84.2624130,3.2258e-04
84.2773285,4.1467e-04
84.2929535,3.9883e-04
84.3068008,4.4584e-04
84.3286743,4.1125e-04
84.3441696,3.1014e-04
84.3635483,4.1117e-04
84.3774109,4.0776e-04
84.4058304,3.5414e-04
84.4147644,3.2226e-04
84.4346695,3.9611e-04
84.4752426,2.6717e-04
84.4910507,3.9906e-04
84.4932785,3.7171e-04
84.4952850,4.1569e-04
84.5186005,5.1323e-04
84.5425873,3.5247e-04
84.5564117,3.6192e-04
84.5750656,3.4554e-04
84.5880203,3.6626e-04
84.6084213,2.6514e-04
84.6282425,4.7607e-04
84.6368713,2.6392e-04
84.6827774,4.5644e-04
84.6981812,2.7472e-04
84.7074356,3.1664e-04
84.7258301,2.9903e-04
84.7393799,3.4464e-04
84.7749557,2.8044e-04
84.8243713,3.7430e-04
84.8267670,5.4322e-04
84.8368530,3.3110e-04
84.8497314,3.6941e-04
84.8618622,3.6510e-04
84.8782883,3.2935e-04
84.8801498,3.8268e-04
84.9245682,3.6247e-04
84.9415588,3.1593e-04
84.9623260,3.5739e-04
84.9809570,2.5685e-04
84.9855423,3.6403e-04
85.0312347,3.2845e-04
85.0494080,4.3213e-04
85.0644226,6.5804e-04
85.0827942,4.1319e-04
85.1013107,2.7481e-04
85.1576233,3.9376e-04
85.2066345,3.5510e-04
85.2205048,2.7442e-04
85.2288971,3.0971e-04
85.2443161,2.8921e-04
85.2563553,3.1231e-04
85.2612457,3.8497e-04
85.2716751,1.6367e-03
85.2854156,1.3554e-04
85.3150558,2.9699e-04
85.3314819,2.9635e-04
85.3538666,4.0939e-04
85.3774948,3.7235e-04
85.3854218,2.5942e-04
85.4361267,3.5865e-04
85.4640427,3.4151e-04
85.5549927,2.6616e-04
85.6019592,3.1055e-04
85.6221619,2.8772e-04
85.6950607,4.5211e-04
85.7182693,2.7898e-04
85.8418808,3.2773e-04
85.8601990,2.5609e-04
85.8625259,2.7561e-04
85.8813705,2.7762e-04
85.9153671,3.9519e-04
85.9201202,8.3581e-04
85.9302368,5.0508e-04
85.9584198,3.9253e-04
86.0550766,3.4053e-04
86.1021042,3.7888e-04
86.1042328,3.8476e-04
86.1069031,4.5966e-04
86.1181870,3.9440e-04
86.1326447,3.2536e-04
86.1347733,3.2213e-04
86.2430267,3.4188e-04
86.2451172,3.4023e-04
86.2471237,3.1305e-04
86.2512589,8.3596e-04
86.2541504,5.0424e-04
86.2647934,3.8933e-04
86.2879715,3.7019e-04
86.3122864,2.8702e-04
86.3144302,2.8752e-04
86.3165207,4.4328e-04
86.3227005,4.1452e-04
86.3506622,3.6443e-04
86.4316177,2.9927e-04
86.4336624,2.9291e-04
86.4460449,2.9184e-04
86.4481277,3.5004e-04
86.4502029,3.2114e-04
86.4810104,7.5406e-04
86.4838791,5.8315e-04
86.5016861,4.2168e-04
86.5490036,4.1892e-04
86.5660858,3.7413e-04
86.5751114,8.4490e-04
86.6022568,3.4209e-04
86.6184769,3.9641e-04
86.6206665,4.8193e-04
86.6227646,2.7948e-04
86.6246262,2.8555e-04
86.6492386,4.1809e-04
86.6662064,3.5940e-04
86.6683044,5.8190e-04
86.6704330,3.1416e-04
86.6807556,3.8507e-04
86.6962204,3.6367e-04
86.6985626,4.5348e-04
86.7442551,3.8333e-04
86.7463226,2.8360e-04
86.7623444,3.0713e-04
86.7980194,4.2592e-04
86.8000946,3.0223e-04
86.8123245,3.0929e-04
86.8144989,3.1313e-04
86.8165665,3.0565e-04
86.8186569,2.5088e-04
86.8641739,7.9615e-04
86.9078064,3.2165e-04
86.9540939,3.2691e-04
86.9564362,2.6972e-04
86.9610672,3.2708e-04
86.9711761,3.1801e-04
86.9971237,3.8385e-04
87.0024719,2.8805e-04
87.0203323,3.3854e-04
87.0438919,3.1611e-04
87.1540756,2.9970e-04
87.2105103,2.8952e-04
87.2128296,6.6488e-04
87.2321014,4.8344e-04
87.2495193,3.2170e-04
87.2765579,4.8258e-04
87.3419571,4.0307e-04
87.3455505,3.4871e-04
87.3480453,4.1576e-04
87.3674927,3.1431e-04
87.3728333,2.8900e-04
87.3893356,3.3907e-04
87.3938293,3.2620e-04
87.3958969,2.6653e-04
87.4005051,2.4944e-04
87.4081421,2.8377e-04
87.4218750,5.5324e-04
87.4650116,3.2435e-04
87.4906082,2.6494e-04
87.5006561,3.5905e-04
87.5180588,6.9791e-04
87.5533752,3.2104e-04
87.5981750,1.7970e-03
87.6329041,2.9324e-04
87.6436005,3.0890e-04
87.6476212,3.1749e-04
87.6578674,3.7945e-04
87.7129211,3.2844e-04
87.7304382,4.2115e-04
87.7327423,3.2246e-04
87.7566452,3.5243e-04
87.7862015,2.8391e-04
87.8013382,2.1282e-03
87.8391113,4.4001e-04
87.8916321,5.1030e-04
87.9130707,4.1242e-04
87.9364090,4.3643e-03
87.9535828,3.2567e-04
87.9696121,4.3953e-04
87.9874039,2.0971e-03
88.0188675,3.0512e-04
88.0209427,4.0059e-04
88.0229340,3.6912e-04
88.1039200,1.6015e-04
88.1294937,3.1070e-04
88.1628799,2.8329e-04
88.1725769,3.5202e-04
88.1750031,3.4203e-04
88.2762146,4.6865e-04
88.2787170,3.1450e-04
88.3029785,3.4402e-04
88.3448563,2.7001e-04
88.3524857,3.6126e-04
88.3642120,3.3091e-04
88.3877182,4.5396e-04
88.3902664,3.9272e-04
88.3924637,3.6810e-04
88.4260635,4.3880e-04
88.4378052,3.7171e-04
88.4482880,1.9752e-03
88.4680252,3.4646e-04
88.4877243,4.2309e-04
88.4895020,2.5999e-04
88.5073318,2.8811e-04
88.5230103,3.0214e-04
88.5398331,3.0445e-04
88.5417328,2.9626e-04
88.5478897,4.8428e-04
88.5647964,2.8500e-04
88.5665436,2.9860e-04
88.5914917,3.5912e-04
88.6036224,3.2850e-04
88.6151733,2.9178e-04
88.6316681,4.1575e-04
88.6339951,3.3539e-04
88.6590958,2.9840e-04
88.6623230,1.8119e-03
88.6878357,2.8770e-04
88.7091370,2.6085e-04
88.7310867,3.8773e-04
88.7540970,3.6314e-04
88.7678223,2.9078e-04
88.7706070,3.1627e-04
88.7866440,3.4468e-04
88.8381271,2.9716e-04
88.8471298,2.6119e-04
88.8636169,4.2337e-04
88.8854523,1.5425e-04
88.8979263,7.4879e-04
88.9152832,4.2488e-04
88.9266739,3.5846e-04
88.9425049,2.6622e-04
88.9554443,2.5317e-04
89.0000687,2.8315e-04
89.0168381,3.8146e-04
89.0259552,2.9033e-04
89.0350571,3.1844e-04
89.0423813,2.9910e-04
89.0586243,5.0383e-04
89.0754776,3.4095e-04
89.0950699,4.0274e-04
89.1070786,2.6056e-04
89.1271286,1.8285e-03
89.1346512,2.8596e-04
89.1488266,3.1567e-04
89.1706085,1.5075e-03
89.1907806,3.8031e-04
89.2179031,2.9418e-04
89.2311401,3.3756e-04
89.2625122,5.1858e-04
89.3198624,2.9172e-04
89.3380432,4.9020e-04
89.3402939,3.3403e-04
89.3548813,2.4994e-04
89.3923111,3.4587e-04
89.4208527,3.3545e-04
89.4361725,4.2274e-04
89.4382477,4.6021e-04
89.4613342,3.4030e-04
89.4746628,4.9201e-04
89.5133667,3.7110e-04
89.5247650,3.7247e-04
89.5406342,3.9091e-04
89.5428391,4.5142e-04
89.5662613,3.0454e-04
89.6000443,5.2787e-04
89.6023560,4.1328e-04
89.6261902,2.8500e-04
89.6669159,4.0690e-04
89.6691208,5.2747e-04
89.6923752,6.2957e-04
89.6949692,3.9810e-04
89.7335281,2.5935e-04
89.7354279,3.2472e-04
89.7783508,3.4772e-04
89.8674469,3.3382e-04
89.9035339,3.3448e-04
89.9055481,2.9773e-04
89.9083481,3.2100e-04
89.9100952,2.8781e-04
89.9121552,3.1278e-04
89.9139709,3.3147e-04
89.9575119,4.1219e-04
89.9595871,4.1912e-04
89.9730682,5.4446e-04
89.9860764,8.3017e-04
90.0011520,2.7213e-04
90.0114059,4.1486e-04
90.0247040,3.2656e-04
90.0266113,3.3626e-04
90.0344162,3.0255e-04
90.0550537,3.3991e-04
90.0872192,2.9752e-04
90.1124878,2.9161e-04
90.1351547,3.2957e-04
90.1589813,2.7533e-04
90.1669006,2.8219e-04
90.2128906,3.7989e-04
90.2302246,1.8004e-04
90.2321625,3.6704e-04
90.2436523,4.5349e-04
90.2560501,3.0774e-04
90.2578659,2.5299e-04
90.2818146,3.4650e-04
90.2979507,3.0924e-04
90.3321457,4.2420e-04
90.3560181,3.8631e-04
90.3740234,5.0045e-04
90.3860626,3.4631e-04
90.3913574,3.2199e-04
90.4029541,3.2429e-04
90.4243622,2.7581e-04
90.4426041,5.1303e-04
90.4863205,2.5688e-04
90.5186310,3.2412e-04
90.5694504,2.8344e-04
90.5714340,4.4891e-04
90.5875549,2.7989e-04
90.5906830,4.5343e-04
90.6007385,3.0438e-04
90.6215591,3.5565e-04
90.6341934,2.9779e-04
90.6737976,2.9597e-04
90.7476501,3.2114e-04
90.7730713,4.0595e-04
90.7770691,2.5618e-04
90.8479996,4.1309e-04
90.8853378,4.7191e-04
90.9378815,3.3862e-04
90.9399872,3.0850e-04
91.0310440,4.5880e-04
91.1042328,2.8151e-04
91.2157059,3.8490e-04
91.2178955,2.6258e-04
91.2198105,3.0702e-04
91.2217026,2.7405e-04
91.2235489,2.4180e-04
91.2256393,2.8339e-04
91.2335510,3.1323e-04
91.2356491,3.8782e-04
91.2547302,4.9628e-04
91.2570724,3.5089e-04
91.2592163,3.5161e-04
91.2807312,4.9558e-04
91.2977753,3.1493e-04
91.3121567,3.4482e-04
91.3142090,3.1118e-04
91.3452835,2.8223e-04
91.3918610,4.0197e-04
91.4160690,2.9099e-04
91.4180984,2.8826e-04
91.4343643,3.3229e-04
91.4680862,3.4550e-04
91.4699707,3.6935e-04
91.4837418,3.1606e-04
91.4859085,3.4161e-04
91.5230484,2.8143e-04
91.5367279,3.4344e-04
91.5387497,6.3792e-04
91.5416641,3.2859e-04
91.5439987,3.8507e-04
91.5528564,3.5704e-04
91.5574570,5.5932e-04
91.5697098,4.1647e-04
91.5722656,4.3851e-04
91.5867310,4.0789e-04
91.6043243,3.0966e-04
91.6061401,3.8316e-04
91.6082764,3.1020e-04
91.6243439,4.0621e-04
91.6264191,3.1445e-04
91.6284561,5.2095e-04
91.6328659,1.6024e-03
91.6483994,4.6750e-04
91.6508865,2.7017e-04
91.6639023,5.2796e-04
91.6959686,3.2897e-04
91.7259293,5.0494e-04
91.7367859,2.9799e-04
91.7483826,3.2441e-04
91.7515488,2.9562e-04
91.7540207,1.0356e-03
91.7764206,4.4371e-04
91.7953949,3.8275e-04
91.7973557,3.3387e-04
91.7995300,5.0827e-04
91.8913422,2.8308e-04
91.9006500,4.2182e-04
91.9200592,2.5816e-04
91.9423218,3.2220e-04
91.9488373,2.3864e-04
91.9505997,2.9089e-04
91.9547958,3.3981e-04
91.9568863,3.3612e-04
91.9808273,4.0078e-04
91.9891434,4.7368e-04
91.9915771,5.2796e-04
91.9940186,2.9327e-04
91.9964600,2.6702e-04
91.9988098,3.4652e-04
92.0009232,2.9235e-04
92.0027847,3.4371e-04
92.0142212,3.7951e-04
92.0162277,2.9569e-04
92.0181961,1.6954e-04
92.0227432,3.6735e-04
92.0248108,2.5026e-04
92.0424347,4.5752e-04
92.0561676,3.4491e-04
92.0585632,3.6410e-04
92.0767212,3.2644e-04
92.0787201,3.9707e-04
92.0805969,2.6382e-04
92.0826721,2.7823e-04
92.0846100,2.9133e-04
92.0865021,2.7718e-04
92.0921402,3.2691e-04
92.1600571,3.7804e-04
92.1621170,2.9921e-04
92.1641235,2.6506e-04
92.1662674,2.5564e-04
92.1790771,2.7229e-04
92.1810989,2.7084e-04
92.1942444,4.1241e-04
92.1967926,3.0362e-04
92.2141800,3.8605e-04
92.2296753,2.8767e-04
92.2463684,2.7124e-04
92.2729416,3.7762e-04
92.2927475,3.5297e-04
92.3875427,3.3019e-04
92.4179001,3.2250e-04
92.4198685,4.4853e-04
92.4220047,4.9758e-04
92.4244614,3.2826e-04
92.4392700,3.8774e-04
92.4410553,3.3039e-04
92.5195465,3.6672e-04
92.6134186,5.5861e-04
92.6355667,4.5846e-04
92.6384506,3.4734e-04
92.6457977,4.6732e-04
92.7147141,3.1144e-04
92.7252121,3.2815e-04
92.7575455,3.0893e-04
92.7594223,2.6965e-04
92.8547058,3.0519e-04
92.8566055,2.5734e-04
92.9662933,3.2982e-04
92.9685059,2.6491e-04
92.9844208,4.6969e-04
92.9967880,3.0364e-04
92.9991913,3.3980e-04
93.0116348,4.8935e-04
93.0290298,3.4630e-04
93.0310059,3.2047e-04
93.0521164,3.0883e-04
93.0725632,3.5708e-04
93.0803375,1.7218e-03
93.0839233,3.6639e-04
93.1233063,3.9214e-04
93.1430054,2.8910e-04
93.1871185,3.4539e-04
93.2014084,2.7944e-04
93.2150192,3.1150e-04
93.2358322,3.0464e-04
93.2518921,3.1848e-04
93.2925110,2.7210e-04
93.3087006,3.0814e-04
93.3206711,2.4687e-04
93.3378372,2.6687e-04
93.3398743,2.3770e-04
93.3417740,2.6875e-04
93.3556442,2.8359e-04
93.3577423,2.4181e-04
93.3705368,2.3414e-04
93.3853302,2.9134e-04
93.3988724,2.7095e-04
93.4031525,2.5311e-04
93.4310226,3.2118e-04
93.4447098,3.3203e-04
93.4893494,3.7474e-04
93.5012283,4.2685e-04
93.5033112,2.4977e-04
93.5144501,3.8823e-04
93.5165863,2.7609e-04
93.5315247,3.0436e-04
93.5420990,4.2184e-04
93.5442123,2.8987e-04
93.5644073,4.3833e-04
93.5795135,2.8594e-04
93.5813370,3.0541e-04
93.5979767,4.0820e-04
93.6126633,4.9022e-04
93.6283493,3.6442e-04
93.6406097,2.7104e-04
93.6744843,2.6351e-04
93.6923904,2.9224e-04
93.7006073,3.0291e-04
93.7025757,3.2405e-04
93.7177048,3.4909e-04
93.7633743,3.9245e-04
93.7942276,2.7104e-04
93.7961197,3.1241e-04
93.8064270,2.4430e-04
93.8143692,3.3193e-04
93.8284149,3.3992e-04
93.8714218,6.0960e-04
93.8740768,2.9001e-04
93.8828049,1.6999e-03
93.8950958,4.4125e-04
93.9274521,5.3771e-04
93.9299088,3.9557e-04
93.9325104,3.1406e-04
93.9347458,4.3980e-04
93.9373169,3.2394e-04
93.9531326,6.8312e-04
93.9903488,2.9366e-04
93.9951096,5.7898e-04
94.0265961,4.6139e-04
94.0411453,3.6427e-04
94.0699463,4.6132e-04
94.0728836,2.7386e-04
94.0916977,3.4241e-04
94.0940170,3.0719e-04
94.1069565,2.8917e-04
94.1091080,2.6538e-04
94.1193695,1.6452e-03
94.1368790,2.5160e-04
94.1390686,3.9194e-04
94.1558228,2.5751e-04
94.1773224,3.1425e-04
94.1990128,3.2936e-04
94.2143707,3.3144e-04
94.2251663,3.5184e-04
94.2307434,4.0820e-04
94.2538986,2.8348e-04
94.2652054,3.0056e-04
94.2857513,1.7365e-03
94.3066483,4.8913e-04
94.3087311,3.7661e-04
94.3108673,3.7139e-04
94.3132858,3.1215e-04
94.3155823,4.7831e-04
94.3453445,4.0838e-04
94.3669968,3.2901e-04
94.3820267,3.0107e-04
94.3839340,2.9029e-04
94.4002838,3.3291e-04
94.4021988,2.8283e-04
94.4146881,6.1675e-04
94.4170761,5.6424e-04
94.4318466,3.9766e-04
94.4338684,4.0755e-04
94.4360046,2.7747e-04
94.4553070,4.0421e-04
94.4676361,4.3863e-04
94.4852982,4.6361e-04
94.5037918,3.1458e-04
94.5155411,3.6160e-04
94.5176468,4.1269e-04
94.5230484,4.3745e-04
94.5371933,1.6850e-03
94.5555649,3.0819e-04
94.5705185,2.9081e-04
94.5840530,3.9401e-04
94.5937653,4.5008e-04
94.6046066,2.6187e-04
94.6125336,3.3862e-04
94.6214218,3.6248e-04
94.6340179,3.4295e-04
94.6561127,3.1258e-04
94.7116928,3.4091e-04
94.7835617,3.9043e-04
94.7857437,2.6854e-04
94.7977753,3.3031e-04
94.8100128,4.3214e-04
94.8227615,3.8033e-04
94.8249130,2.7257e-04
94.8351059,2.8917e-04
94.8422012,3.6610e-02
94.8954239,3.4257e-04
94.9151764,2.8610e-04
94.9171219,2.5108e-04
94.9480972,3.8183e-04
94.9688187,3.0161e-04
94.9886246,4.9569e-04
95.0052109,3.2417e-04
95.0298309,3.2798e-04
95.0696030,4.5807e-04
95.0872879,5.1775e-04
95.0995407,3.3354e-04
95.1016006,5.0822e-04
95.1190643,2.4973e-04
95.1359940,2.6450e-04
95.1378632,2.7110e-04
95.1543961,3.5052e-04
95.1668854,3.1580e-04
95.1819458,3.5669e-04
95.2087021,3.5070e-04
95.2252579,3.8595e-04
95.2421036,4.2302e-04
95.2531738,4.3711e-04
95.2648773,5.0880e-04
95.2671890,3.2942e-04
95.2694473,3.7189e-04
95.2719879,3.2960e-04
95.2739563,1.5264e-04
95.3562698,4.1246e-04
95.4085617,5.4188e-04
95.4107437,2.7083e-04
95.4385605,2.8224e-04
95.4408264,3.4511e-04
95.4542847,3.2100e-04
95.4785919,8.6104e-03
95.5202026,4.0272e-04
95.5227585,6.9326e-04
95.5474472,2.8967e-04
95.5571365,5.1493e-04
95.5658875,3.0099e-04
95.5693817,3.1691e-04
95.5943909,3.8916e-04
95.5964508,1.4431e-03
95.6007614,7.0017e-04
95.6030502,3.4804e-04
95.6251068,2.8474e-04
95.6681519,2.8927e-04
95.6869812,3.7064e-04
95.6891708,2.7018e-04
95.6910553,2.8931e-04
95.7163162,3.0721e-04
95.7356720,6.4997e-04
95.7780533,4.3986e-04
95.7821426,3.2526e-04
95.7841873,3.9671e-04
95.7863159,2.6432e-04
95.7884216,3.3471e-04
95.8240356,4.0894e-04
95.8511581,7.1596e-04
95.8641663,3.9047e-04
95.8662109,2.7174e-04
95.8789978,3.7606e-04
95.8989868,2.8999e-04
95.9135284,3.4011e-04
95.9155884,2.5049e-04
95.9234314,3.0613e-04
95.9405975,4.2521e-04
95.9429779,3.6676e-04
95.9639053,4.2088e-04
95.9902954,2.5706e-04
96.0218048,3.3954e-04
96.0725327,3.9467e-04
96.0750275,3.1970e-04
96.0771408,3.4178e-04
96.0862579,2.8765e-04
96.1344757,3.0516e-04
96.1366577,2.9927e-04
96.1384964,2.5161e-04
96.1402740,2.9685e-04
96.1854935,3.3367e-04
96.2031784,2.6772e-04
96.2261505,4.1579e-04
96.2738342,3.5036e-04
96.2755508,3.1285e-04
96.2773819,2.7613e-04
96.2793350,3.4561e-04
96.2814865,1.5168e-03
96.2848663,3.1863e-04
96.2869339,3.3161e-04
96.2999802,3.6023e-04
96.3151932,2.6030e-04
96.3171997,2.9655e-04
96.3194809,2.3757e-04
96.3269043,4.1204e-02
96.3707352,3.7028e-04
96.3728409,3.8666e-04
96.3812714,3.6030e-04
96.3835678,3.1879e-04
96.3859329,1.7977e-03
96.3893509,3.4550e-04
96.4016113,4.7001e-04
96.4035873,3.8299e-04
96.4054413,3.1811e-04
96.4078445,3.2449e-04
96.4212418,2.8774e-04
96.4265594,3.3816e-04
96.4287643,6.6660e-04
96.4463730,3.1365e-04
96.4741287,3.3464e-04
96.4987793,3.2588e-04
96.5006561,2.4730e-04
96.5116196,2.7265e-04
96.5134888,2.7617e-04
96.5323792,3.9145e-04
96.5660477,3.0303e-04
96.5796204,3.1602e-04
96.5966339,2.5239e-04
96.6028061,3.7357e-04
96.6143799,3.3825e-04
96.6166306,2.7997e-04
96.6187592,4.4070e-04
96.6679916,2.4322e-04
96.7117538,4.3535e-04
96.7139816,6.0559e-04
96.7163315,3.8145e-04
96.7408066,1.6767e-04
96.7425613,3.6991e-04
96.7513962,3.6177e-04
96.7534866,3.1610e-04
96.7779846,4.5823e-04
96.8745956,4.5803e-04
96.8770905,5.8413e-04
96.9457245,4.1624e-04
96.9694901,3.5032e-04
97.0751877,3.2602e-04
97.0770493,2.6593e-04
97.0958710,2.7763e-04
97.1567535,3.5296e-04
97.1591110,2.5630e-04
97.1679993,3.0825e-04
97.1823196,3.7567e-04
97.2319412,4.6050e-04
97.2342453,5.2187e-04
97.2396164,4.7883e-04
97.2418594,3.7693e-04
97.2439804,3.1845e-04
97.2572098,4.9011e-04
97.2595215,2.4928e-04
97.2617569,3.2964e-04
97.2637329,4.1084e-04
97.2659988,3.1270e-04
97.2790298,2.8399e-04
97.2812271,2.7695e-04
97.2927780,3.1711e-04
97.2946396,3.5786e-04
97.2966232,3.6580e-04
97.3214722,6.2674e-04
97.3264313,3.2867e-04
97.3300323,3.0506e-04
97.3453903,3.4734e-04
97.3642197,4.0520e-04
97.3662949,2.6289e-04
97.3683853,2.9242e-04
97.3827744,3.5297e-04
97.4183121,3.1298e-04
97.4255447,3.3230e-04
97.4276352,2.9633e-04
97.4486923,1.5365e-04
97.5213470,3.0063e-04
97.5238037,6.7802e-04
97.5351562,3.2157e-04
97.5371017,2.7688e-04
97.5496521,3.1797e-04
97.5544357,2.7685e-04
97.5562897,2.7744e-04
97.5670242,2.8169e-04
97.5973892,2.5323e-04
97.6234131,3.2239e-04
97.6652679,3.1436e-04
97.7121506,3.2659e-04
97.7141418,3.0293e-04
97.7540207,3.7622e-04
97.7570953,3.0804e-04
97.7644958,3.7105e-04
97.7801743,2.5801e-04
97.8069229,2.5708e-04
97.8087463,5.1659e-04
97.8238907,3.9175e-04
97.8503952,4.0969e-04
97.8610077,2.6232e-04
97.8816910,3.6133e-04
97.8944397,2.9543e-04
97.9130096,2.6554e-04
97.9309158,3.5464e-04
97.9328690,3.1624e-04
97.9605942,5.0155e-04
97.9630814,3.6219e-04
97.9939117,4.5746e-04
98.0115738,3.2463e-04
98.0134430,3.3968e-04
98.0411224,3.0651e-04
98.1161194,1.9710e-03
98.1531982,4.9329e-04
98.1610718,3.9890e-04
98.1825256,3.9417e-04
98.1977692,3.1922e-04
98.2086868,4.5667e-04
98.2185516,3.7165e-04
98.2285004,4.5510e-04
98.2307053,3.5353e-04
98.2367172,4.0207e-04
98.2547226,3.0948e-04
98.2676620,3.0578e-04
98.2806015,5.3652e-04
98.2830963,2.8742e-04
98.3040543,4.2648e-04
98.3063965,2.8259e-04
98.3307724,2.7538e-04
98.3662643,4.5179e-04
98.3924484,4.1649e-04
98.3983536,3.4111e-04
98.4005127,3.2269e-04
98.4309616,4.1237e-04
98.4527054,4.0118e-04
98.4546585,4.0121e-04
98.4568100,1.7143e-03
98.4675903,3.1802e-04
98.4699783,3.3738e-04
98.5458374,3.4695e-03
98.5715942,3.2339e-04
98.5927811,4.8147e-04
98.5962982,2.7788e-04
98.6343765,3.2692e-04
98.6454926,4.8574e-04
98.6477356,4.2407e-04
98.6650391,3.0766e-04
98.6825333,5.7016e-04
98.7550354,2.5129e-04
98.8129883,2.9632e-04
98.8376694,3.6739e-04
98.8508682,5.7119e-04
98.8532867,4.2928e-04
98.8674927,4.4781e-04
98.8889923,1.8292e-03
98.9019623,6.1032e-04
98.9061508,6.1532e-04
98.9169846,4.3729e-04
98.9294052,5.0837e-04
98.9316177,2.8982e-04
98.9334869,3.0019e-04
98.9455261,3.1721e-04
98.9475250,2.3970e-04
98.9495239,2.7139e-04
98.9696274,2.8904e-04
98.9884262,5.7343e-04
98.9965439,2.9624e-04
99.0116959,2.9561e-04
99.0281219,3.0946e-04
99.0304871,5.4525e-04
99.0329666,4.8744e-04
99.0356827,8.7471e-04
99.0511627,2.7060e-04
99.0687332,3.0591e-04
99.0782013,3.9990e-04
99.0937119,2.8918e-04
99.1069794,2.8845e-04
99.1168137,3.6192e-04
99.1259537,1.8356e-04
99.1377640,2.3899e-04
99.1546478,3.2094e-04
99.1757507,3.4974e-04
99.1932983,2.5753e-04
99.2678146,1.9133e-04
99.2700729,4.3913e-04
99.2726059,4.4064e-04
99.2904129,3.3183e-04
99.2925644,4.9592e-04
99.3162994,8.5241e-04
99.3466339,2.8644e-04
99.3485489,2.9887e-04
99.3604736,3.1252e-04
99.3674011,2.6240e-04
99.3923416,1.7023e-04
99.4495850,5.1152e-04
99.4987488,3.7060e-04
99.5008011,3.2241e-04
99.5030518,1.7619e-04
99.5268936,4.4840e-04
99.5295105,5.0148e-04
99.5605392,3.5797e-04
99.5672531,5.1523e-04
99.5965118,3.3090e-03
99.6015244,7.2364e-04
99.6176300,2.8666e-04
99.6358185,2.9352e-04
99.6419907,4.0587e-04
99.6511536,3.9390e-04
99.6531143,3.2909e-04
99.6550140,3.0238e-04
99.6709900,2.9388e-04
99.6875076,1.7527e-03
99.6996384,3.4816e-04
99.7099075,4.0827e-04
99.7172623,3.6116e-04
99.7369537,3.6487e-04
99.7596741,1.5037e-04
99.7680359,3.4660e-04
99.8013916,3.0108e-04
99.8032684,2.9481e-04
99.8052444,2.3210e-04
99.8071213,3.3748e-04
99.8186340,3.2264e-04
99.8328476,4.4914e-04
99.8647766,4.0369e-04
99.8668594,3.6770e-04
99.8850479,4.2444e-04
99.8951645,3.5382e-04
99.9140930,5.2209e-04
99.9200516,4.0629e-04
99.9222412,3.2854e-04
99.9243317,7.7293e-04
99.9267807,3.2383e-04
99.9490891,3.6574e-04
99.9540863,6.4204e-04
99.9569931,5.6689e-04
99.9652023,5.7521e-04
99.9677124,3.4375e-04
99.9904785,3.3140e-04
99.9924850,2.1285e-04
100.0001221,3.3987e-04
100.0140533,3.7921e-04
100.0159302,3.6596e-04
100.0340271,3.1420e-04
100.0555725,3.1005e-04
100.0759735,2.9157e-04
100.0779877,2.9048e-04
100.0965347,3.1435e-04
100.1099243,6.7292e-04
100.1124496,2.9459e-04
100.1282806,3.1694e-04
100.1319962,3.4068e-04
100.1530609,3.5435e-04
100.1706924,2.9637e-04
100.1731720,2.7939e-04
100.1923141,3.4579e-04
100.1991425,4.8975e-04
100.2058182,3.1170e-04
100.2303696,4.5320e-04
100.2452698,2.7816e-04
100.2631302,4.7326e-04
100.2825623,3.1802e-04
100.3193283,3.5143e-04
100.3329849,2.9635e-04
100.3348694,2.8677e-04
100.3366852,3.5779e-04
100.3833008,2.8723e-04
100.4378662,2.7827e-04
100.4606018,5.4295e-04
100.4744949,3.3960e-04
100.4766235,2.6650e-04
100.5188904,3.1440e-04
100.5816650,3.8043e-04
100.6674347,3.8097e-04
100.6696930,5.8802e-04
100.6719131,4.3614e-04
100.6740036,6.3210e-04
100.6911697,3.7001e-04
100.7206116,4.3939e-04
100.7230606,3.2964e-04
100.7251053,3.5005e-04
100.7314224,3.7404e-04
100.7339783,8.1161e-04
100.7371826,3.2135e-04
100.7390823,3.8075e-04
100.7543335,3.4813e-04
100.7562866,2.3825e-04
100.7735901,2.9170e-04
100.7758789,3.1527e-04
100.7814789,3.7210e-04
100.7999954,3.0013e-04
100.8096848,3.1748e-04
100.8117676,2.9414e-04
100.8225784,2.8416e-04
100.8247070,4.4621e-04
100.8732910,3.2702e-04
100.8872147,2.9897e-04
100.8975372,1.1931e-03
100.9172440,5.7908e-04
100.9410400,2.7690e-04
100.9686050,3.1692e-04
101.0505524,3.4601e-04
101.0946426,2.8718e-04
101.0966110,4.0463e-04
101.1245804,2.9630e-04
101.1513824,7.9992e-04
101.1540909,2.8074e-04
101.1678085,3.1031e-04
101.1701813,2.8276e-04
101.2630920,3.0219e-04
101.3065643,3.5649e-04
101.3287659,3.3568e-04
101.3570251,3.4093e-04
101.3764038,3.0416e-04
101.3935165,4.1920e-04
101.4159393,3.1890e-04
101.4421997,3.4665e-04
101.4444351,3.7357e-04
101.4516220,3.0538e-04
101.5347061,3.7430e-04
101.5562210,3.9342e-04
101.5629501,4.0571e-04
101.5780640,3.6260e-04
101.5937729,2.8552e-04
101.6197891,3.4702e-04
101.6222763,2.4060e-04
101.6309509,4.9141e-04
101.6486282,2.8376e-04
101.6619110,3.5114e-04
101.6639786,2.5910e-04
101.6661682,2.5295e-04
101.6759644,3.7068e-04
101.6834564,5.2485e-04
101.6855164,2.4582e-04
101.7120361,5.5734e-04
101.7144089,3.9574e-04
101.7422104,2.6454e-04
101.7443237,2.6334e-04
101.7462006,3.2702e-04
101.7482071,2.9812e-04
101.7603607,4.8569e-04
101.7748260,3.7528e-04
101.7769775,5.3524e-04
101.7794342,4.8454e-04
101.7816620,1.5071e-04
101.7872925,4.7720e-04
101.7894974,4.3127e-04
101.8016586,2.9692e-04
101.8870316,3.5204e-04
101.8892670,3.5501e-04
101.9133148,4.7184e-04
101.9304657,3.5496e-04
101.9430923,4.3702e-04
101.9457092,2.8655e-04
101.9620667,4.4964e-04
101.9903870,1.7572e-04
101.9926529,6.6972e-04
102.0188446,6.2518e-04
102.0323792,2.0367e-04
102.0342789,2.6191e-04
102.0548096,3.6756e-04
102.0569153,3.7537e-04
102.0594788,1.5534e-04
102.0745163,3.4347e-04
102.0779037,3.7638e-04
102.0800323,2.9574e-04
102.0853348,3.5594e-04
102.0879288,3.3567e-04
102.0996170,5.0504e-04
102.1018066,5.0665e-04
102.1105270,3.7826e-04
102.1260147,3.3920e-04
102.1311493,3.7365e-04
102.1513138,4.4091e-04
102.1645966,1.0652e-03
102.1926651,2.6729e-04
102.2114944,3.1361e-04
102.2231293,1.6452e-03
102.2287369,1.7272e-03
102.2430420,1.3445e-04
102.2616959,4.0867e-04
102.2752075,3.6052e-04
102.2775192,3.4415e-04
102.3085709,3.3113e-04
102.3617401,3.4017e-04
102.3814163,2.9550e-04
102.3834381,3.8502e-04
102.3985596,2.5814e-04
102.4178009,1.2315e-03
102.4812317,2.8873e-04
102.4831924,3.4873e-04
102.4850388,2.5488e-04
102.4868698,2.5088e-04
102.5021439,3.4182e-04
102.5121078,4.7467e-04
102.5144043,3.3491e-04
102.5316544,2.6496e-04
102.5595779,1.6826e-04
102.5636520,4.2862e-04
102.5863647,2.5914e-04
102.6176758,1.6996e-03
102.6371002,3.0924e-04
102.6753311,3.1099e-04
102.6835556,3.5606e-04
102.6972580,2.4970e-04
102.7111282,2.9255e-04
102.7132797,4.8783e-04
102.7254028,3.1057e-04
102.7440262,3.0429e-04
102.7587509,2.8619e-04
102.7783203,3.7410e-04
102.8195496,1.2550e-03
102.8230820,3.3670e-04
102.8357010,4.4928e-04
102.8434830,1.9300e-04
102.8591080,3.2936e-04
102.8676147,3.8539e-04
102.8698425,3.8444e-04
102.8891602,2.7284e-04
102.9211273,2.6202e-04
102.9554596,4.7678e-04
102.9576340,4.5857e-04
102.9597015,2.8110e-04
102.9701233,4.3684e-04
103.0318909,4.0948e-03
103.0375443,5.0384e-04
103.0397949,3.3290e-04
103.0417480,2.7120e-04
103.0526428,3.3876e-04
103.0546951,3.9136e-04
103.0657272,4.0705e-04
103.1055908,4.1790e-04
103.1076889,3.6001e-04
103.1195984,3.2090e-04
103.1278076,2.2034e-03
103.1320267,3.8666e-04
103.1348648,3.0600e-04
103.1499557,3.6442e-04
103.1520691,3.0519e-04
103.1629944,3.8135e-04
103.1652603,3.0066e-04
103.1797104,4.8006e-04
103.1915054,4.6514e-04
103.2015381,2.8959e-04
103.2037735,3.3063e-04
103.2215576,3.4212e-04
103.2338562,3.5825e-04
103.2462616,3.0176e-04
103.2623291,3.1095e-04
103.2831726,2.8018e-04
103.2987823,3.3951e-04
103.3303146,3.0119e-04
103.3783417,2.8615e-04
103.3840942,3.6702e-04
103.3860855,2.7823e-04
103.3878555,3.3554e-04
103.4047852,3.0593e-04
103.4075317,2.9777e-04
103.4693832,2.4412e-04
103.4712067,2.7947e-04
103.5116196,2.7119e-04
103.6027069,2.8233e-04
103.6501770,3.0839e-04
103.6520767,4.5988e-04
103.6625366,5.4219e-04
103.6645737,2.7682e-04
103.6794357,4.3496e-04
103.6815414,2.3804e-04
103.6847687,3.4455e-04
103.7225876,3.6053e-04
103.7246170,2.8959e-04
103.7592621,2.5982e-04
103.7704239,2.7658e-04
103.7812195,4.5027e-04
103.7994766,3.6514e-04
103.8017502,5.7979e-04
103.8441467,3.5952e-04
103.8460922,3.1336e-04
103.8481598,2.7561e-04
103.8500595,2.6154e-04
103.8687515,3.5427e-04
103.8706589,3.5827e-04
103.8731613,6.2170e-04
103.8846817,2.7219e-04
103.8868103,4.8834e-04
103.9021072,3.6699e-04
103.9043884,3.5418e-04
103.9084549,4.0939e-04
103.9203568,3.6805e-04
103.9770126,4.3633e-04
104.0022964,5.1377e-04
104.0052643,2.6103e-04
104.0074158,2.7357e-04
104.0112762,3.9088e-04
104.0138779,6.4973e-04
104.0537262,1.9274e-03
104.0572357,3.3007e-04
104.0700912,3.1716e-04
104.0861893,2.6767e-04
104.0883484,2.6566e-04
104.1165543,4.5540e-04
104.1208725,2.7009e-04
104.1366196,4.4697e-04
104.2006989,3.8286e-04
104.2317734,2.4846e-04
104.2513809,4.9914e-04
104.2535706,3.2350e-04
104.2557831,3.2763e-04
104.2579117,4.3988e-04
104.2603073,4.5727e-04
104.2626495,3.5710e-04
104.3211594,3.3125e-04
104.3235321,3.8970e-04
104.3308105,3.2490e-04
104.3499146,3.8028e-04
104.3588791,3.7333e-04
104.3608398,2.6769e-04
104.3644180,3.1764e-04
104.3724747,3.6596e-04
104.3743820,3.4129e-04
104.3764572,4.2141e-04
104.3853073,3.2424e-04
104.3873138,2.9773e-04
104.4145432,3.5259e-04
104.4167862,4.3195e-04
104.4187698,2.4813e-04
104.4204483,2.8417e-04
104.4222641,2.7030e-04
104.4257202,2.6824e-04
104.4420090,3.0715e-04
104.4617233,3.6092e-04
104.4638214,2.9604e-04
104.4827347,3.1646e-04
104.5440598,2.7018e-04
104.5957489,3.1050e-04
104.5978699,3.7060e-04
104.6124191,2.8656e-04
104.6319962,2.7913e-04
104.6340332,2.9575e-04
104.6910706,3.6670e-04
104.7054062,2.7929e-04
104.7702408,3.2119e-04
104.7723312,2.5845e-04
104.7880478,4.1693e-04
104.8532867,1.4002e-02
104.9741898,3.0496e-04
104.9760971,2.5932e-04
104.9909058,3.1403e-04
104.9929733,2.7029e-04
105.0068665,2.5859e-04
105.0088577,1.9426e-03
105.0121689,2.8382e-04
105.0139618,2.5764e-04
105.0156937,2.9551e-04
105.0175934,3.0212e-04
105.0196762,3.4021e-04
105.0283279,3.0197e-04
105.0307083,3.8798e-04
105.0327301,2.9198e-04
105.0344162,2.8819e-04
105.0364838,3.3293e-04
105.0823364,3.9407e-04
105.0863571,4.5965e-04
105.0886612,2.7875e-04
105.0908051,3.4478e-04
105.1160812,1.0676e-03
105.1189728,3.9073e-04
105.1209259,3.1921e-04
105.1289062,3.1493e-04
105.1680527,2.9141e-04
105.1877670,3.7016e-04
105.2021561,9.3252e-04
105.2216415,2.8030e-04
105.2399673,3.9416e-04
105.2419128,6.1416e-03
105.2766876,2.8541e-04
105.2902603,2.5621e-04
105.3030472,3.0827e-04
105.3051300,3.3559e-04
105.3234482,3.1878e-04
105.3324585,2.7556e-04
105.3343506,2.8268e-04
105.3605118,3.1100e-04
105.3624573,2.4741e-04
105.3746643,7.5010e-04
105.3774185,2.7429e-04
105.3937225,3.8985e-04
105.4192810,3.4624e-04
105.4341583,2.8374e-04
105.4460983,3.4622e-04
105.4543457,2.8259e-04
105.5121460,3.0839e-04
105.5260239,2.8121e-04
105.5350952,4.9111e-04
105.5427551,3.1985e-04
105.5587692,3.3589e-04
105.5611191,3.1071e-04
105.5630112,3.2605e-04
105.5789032,2.8417e-04
105.6319580,3.2192e-04
105.6341095,5.5203e-04
105.6365738,3.4525e-04
105.6844559,3.3538e-04
105.6950989,3.5603e-04
105.7098007,5.4649e-04
105.7247238,3.5759e-04
105.7463608,4.2793e-04
105.7489777,3.9871e-04
105.7510300,2.6151e-04
105.7684021,3.7649e-04
105.7958221,4.1246e-04
105.8145752,3.9599e-04
105.8165817,3.0875e-04
105.8493347,1.5941e-03
105.8575287,2.8038e-04
105.8813553,3.7198e-04
105.8833923,3.9112e-04
105.9344101,3.4399e-04
105.9728699,3.7022e-04
105.9954224,3.2657e-04
105.9983673,3.0357e-04
106.0005112,2.4969e-04
106.0370102,5.2856e-04
106.0392075,1.6653e-04
106.0647736,4.8276e-04
106.1152344,4.9468e-04
106.1184769,2.1776e-04
106.1210251,3.0071e-04
106.1229248,3.0626e-04
106.1336594,3.7124e-04
106.1356735,3.0170e-04
106.1415253,4.7731e-04
106.1570587,3.4447e-04
106.1843567,4.0321e-04
106.1865540,3.4549e-04
106.2735214,1.7027e-04
106.2995377,3.3065e-04
106.3157196,3.9506e-04
106.3310776,4.8873e-04
106.3408661,4.6363e-04
106.3434296,3.5201e-04
106.3453903,3.1610e-04
106.4646301,3.4637e-04
106.5253296,3.3471e-04
106.5459366,4.7862e-04
106.5519409,2.7524e-04
106.5770798,3.6758e-04
106.5956192,6.1449e-04
106.6132355,2.9069e-04
106.6358948,3.3240e-04
106.6468048,3.6148e-04
106.6889801,3.1927e-04
106.7216644,2.4834e-04
106.7322006,3.1204e-04
106.7442322,3.5338e-04
106.7473450,2.9342e-04
106.7496872,4.7291e-04
106.7517471,3.7115e-04
106.7872925,3.0351e-04
106.8563156,4.1647e-04
106.8769226,3.3543e-04
106.8790054,4.2714e-04
106.9081650,3.1500e-04
106.9101486,3.1760e-04
106.9120026,3.8128e-04
106.9513245,3.8310e-04
106.9534531,5.6524e-04
106.9682312,3.9438e-04
106.9928970,2.8755e-04
107.0032120,3.3868e-04
107.0377350,3.1388e-04
107.0735397,3.2466e-04
107.0761032,6.1187e-04
107.0897217,5.3476e-04
107.0981293,3.5338e-04
107.1000900,3.2332e-04
107.1074905,4.7883e-04
107.1544647,3.1479e-04
107.1625977,5.3678e-04
107.1828690,6.3791e-04
107.1853867,4.2400e-04
107.1874542,3.7933e-04
107.3421249,2.5851e-04
107.3853607,3.7679e-04
107.3999939,3.2033e-04
107.4021912,2.8293e-04
107.4071732,4.0149e-04
107.4092941,3.2211e-04
107.4251862,2.8697e-04
107.4431076,7.6467e-04
107.4577942,3.1384e-04
107.4721222,3.8981e-04
107.4741745,2.7501e-04
107.4850159,3.4273e-04
107.4869766,2.8544e-04
107.4894409,3.8553e-04
107.5102386,3.5945e-04
107.5121536,3.9269e-04
107.5143585,3.7146e-04
107.5311203,2.7917e-04
107.5609665,3.0442e-04
107.5629883,3.5935e-04
107.5773392,2.9990e-04
107.6073532,4.1472e-04
107.6232529,5.9484e-04
107.6365128,4.6234e-04
107.6506729,3.8080e-04
107.6649170,4.9321e-04
107.6671829,3.9770e-04
107.6808624,3.1724e-04
107.6828079,2.9195e-04
107.7008438,3.0795e-04
107.7030640,2.7593e-04
107.7155914,2.9130e-04
107.7272034,3.2169e-04
107.7291412,3.1667e-04
107.7309341,3.5923e-04
107.7467499,2.2890e-04
107.7486877,3.7397e-04
107.7806549,4.7820e-04
107.8104019,3.5189e-04
107.8278885,2.6199e-04
107.8464890,3.0608e-04
107.9195328,3.1000e-04
107.9432526,4.5454e-04
107.9623566,3.1283e-04
108.0244980,3.0828e-04
108.0563507,2.5743e-04
108.0709305,3.5178e-04
108.1265411,3.5802e-04
108.1399536,3.5650e-04
108.1785126,3.8150e-04
108.1807098,2.7728e-04
108.1826859,2.5380e-04
108.1952896,2.8323e-04
108.2183609,3.5771e-04
108.2475815,4.6065e-04
108.2503433,5.0566e-04
108.2664719,3.6461e-04
108.2781067,2.8581e-04
108.2812195,3.0700e-04
108.2998810,3.7662e-04
108.3097610,3.1693e-04
108.3117905,2.7640e-04
108.3320618,3.0818e-04
108.3418198,4.5158e-04
108.3616180,1.1149e-03
108.3643875,2.5060e-04
108.3802185,3.0527e-04
108.3923035,3.2045e-04
108.4049988,2.7619e-04
108.4273453,3.2076e-04
108.4384003,3.8023e-04
108.4405975,2.6191e-04
108.4569931,3.8555e-04
108.4762039,1.1800e-02
108.5158920,6.8445e-04
108.5337601,4.6445e-04
108.5361252,4.7942e-04
108.5381012,3.0791e-04
108.5536118,2.7226e-04
108.5881653,2.6673e-04
108.6070023,3.1427e-04
108.6093292,3.3161e-04
108.6113815,4.6271e-04
108.6412888,3.3379e-04
108.6538391,4.1497e-04
108.6758194,3.1505e-04
108.7114944,3.7559e-04
108.7330246,3.0462e-04
108.7424164,3.6100e-04
108.7653580,3.0231e-04
108.7851944,8.0000e-04
108.7879181,3.4295e-04
108.7901535,3.0667e-04
108.8037186,3.9614e-04
108.8183975,4.5059e-04
108.8207703,3.4270e-04
108.8230591,3.2806e-04
108.8367157,9.0511e-04
108.8456955,4.1143e-04
108.8771362,4.9327e-04
108.8793335,4.4918e-04
108.8818283,3.9853e-04
108.8980484,3.6230e-04
108.9040070,5.0375e-04
108.9063034,2.7871e-04
108.9081192,3.4317e-04
108.9155197,3.2794e-04
108.9529114,3.2571e-04
108.9548569,3.1111e-04
108.9732285,2.7140e-04
108.9931641,3.5914e-04
108.9953690,3.2596e-04
109.0017242,3.2444e-04
109.0037842,4.3461e-04
109.0533676,3.2836e-04
109.1189575,5.1580e-04
109.1216202,3.3606e-04
109.1362991,5.6793e-04
109.1561050,6.2021e-04
109.1803513,6.4135e-04
109.1827850,3.1282e-04
109.1993103,3.1317e-04
109.2217407,6.7219e-04
109.2532196,3.6203e-04
109.3637619,3.6234e-04
109.3990021,3.8734e-04
109.4012146,4.3298e-04
109.4032211,2.7035e-04
109.4051132,3.0138e-04
109.4302139,2.7066e-04
109.4596558,3.5296e-04
109.4719315,4.0875e-04
109.5007629,3.4341e-04
109.5217056,3.8350e-04
109.5280685,3.3475e-04
109.5307159,2.7516e-04
109.5744934,3.4677e-04
109.6054001,4.2566e-04
109.6073914,3.5812e-04
109.6095734,2.8413e-04
109.6384048,3.8786e-04
109.6533356,4.3312e-04
109.6966400,4.0314e-04
109.8414078,3.2233e-04
109.9236984,3.5076e-04
109.9372711,2.9615e-04
109.9471436,3.5140e-04
109.9553604,3.2130e-04
109.9950104,2.4039e-03
109.9991684,3.0765e-04
110.0150528,4.0978e-04
110.0341721,2.9944e-04
110.0524139,4.0170e-04
110.0660858,3.5276e-04
110.0698318,2.6657e-04
110.0720215,2.9137e-04
110.1209946,3.1634e-04
110.1230698,3.4038e-04
110.1249390,2.5757e-04
110.1460037,3.3370e-04
110.2371140,2.9185e-04
110.2470703,3.1127e-04
110.2858429,5.3709e-04
110.2882538,3.9867e-04
110.3032303,5.6800e-04
110.3054123,3.2585e-04
110.3076706,3.1115e-04
110.3312759,4.4565e-04
110.3702545,3.0519e-04
110.3747635,3.3444e-04
110.3926620,2.9467e-04
110.4300003,2.3509e-03
110.4340668,3.3247e-04
110.4490204,2.9958e-04
110.4712982,4.3727e-04
110.4883270,3.1598e-04
110.4998703,2.6853e-04
110.5082626,3.0818e-04
110.5259094,7.6822e-03
110.5412674,3.3109e-04
110.5561981,4.0725e-04
110.5580902,4.9653e-04
110.5643158,4.0523e-04
110.5706329,3.2554e-04
110.5993576,3.1123e-04
110.6077881,4.4424e-04
110.6124420,3.4797e-04
110.6146240,3.9868e-04
110.6306381,2.3987e-04
110.6486893,3.6469e-04
110.6598282,3.2883e-04
110.6763763,3.1634e-04
110.6924438,3.4001e-04
110.7097473,3.5497e-04
110.7252121,2.2884e-04
110.7425766,3.3582e-04
110.7556992,2.7096e-04
110.7578888,3.8011e-04
110.7702637,3.3651e-04
110.7855911,3.7567e-04
110.8178635,2.7899e-04
110.8362808,3.9289e-04
110.8634186,2.7705e-04
110.8816986,3.9049e-04
110.8995743,4.4158e-04
110.9177399,3.0089e-04
110.9197769,2.4359e-04
110.9324265,2.7293e-04
110.9476471,3.6262e-04
110.9626236,4.6430e-04
110.9789886,2.3786e-04
111.0167465,3.8725e-04
111.0364914,2.8631e-04
111.0580215,7.1166e-04
111.0687027,3.8929e-04
111.0706863,2.6351e-04
111.0876541,2.9662e-04
111.1024475,3.3637e-04
111.1045380,3.1019e-04
111.1066437,3.6193e-04
111.1467590,3.2082e-04
111.1811676,3.0570e-04
111.1835785,3.3924e-04
111.1969223,4.1952e-04
111.2244110,3.2664e-04
111.2369080,3.4830e-04
111.2393188,3.2077e-04
111.2543488,3.9351e-04
111.2683716,3.2674e-04
111.3513184,4.0634e-04
111.3706894,3.5309e-04
111.4169006,3.7031e-04
111.4708481,3.8822e-04
111.4730301,3.6497e-04
111.4749985,2.8153e-04
111.4768448,3.1724e-04
111.5096970,6.9613e-04
111.5121689,4.1889e-04
111.5400620,4.3169e-04
111.5594482,3.0379e-04
111.5750732,3.9152e-04
111.5771179,3.2258e-04
111.5795135,3.0841e-04
111.6471558,3.2826e-04
111.6637192,3.4521e-04
111.6898346,4.0653e-04
111.6920166,3.8315e-04
111.6940918,2.8727e-04
111.6960068,4.3619e-04
111.7197037,3.1424e-04
111.7413406,2.6637e-04
111.7566452,3.1694e-04
111.7678833,5.2537e-04
111.8035812,3.2323e-04
111.8143997,3.0960e-04
111.8320084,3.2303e-04
111.8455963,4.3669e-03
111.8841095,3.0375e-04
111.9123230,3.6123e-04
111.9372711,3.8786e-04
111.9394608,7.4459e-04
111.9549332,3.6381e-04
111.9672470,3.3966e-04
111.9704819,3.0627e-04
111.9724197,4.2225e-04
111.9871368,4.1818e-04
112.0516357,2.8811e-04
112.0587311,2.8930e-04
112.0680923,3.2433e-04
112.0697861,3.1601e-04
112.0718307,2.9115e-04
112.1001892,3.3724e-04
112.1146774,1.2134e-02
112.1480713,3.3359e-04
112.1505508,4.3469e-04
112.1725693,4.2487e-04
112.1835327,3.2966e-04
112.1909332,2.9935e-04
112.2031174,3.2566e-04
112.2094345,4.2480e-04
112.2340164,3.5004e-04
112.2361069,4.0642e-04
112.2380905,4.1684e-04
112.2568436,5.1292e-04
112.2590179,3.4335e-04
112.2777863,3.7948e-04
112.3144760,4.1872e-04
112.3213043,3.7329e-04
112.3467102,3.9788e-04
112.4058914,2.8857e-04
112.4709091,3.9646e-04
112.5268478,3.6105e-04
112.5288315,3.9555e-04
112.5497131,2.9879e-04
112.5518341,4.8258e-04
112.5540543,2.8663e-04
112.5607986,3.0201e-04
112.5772629,3.1427e-04
112.5794907,3.4789e-04
112.6072617,4.2036e-04
112.6223145,3.9507e-04
112.6245117,3.7039e-04
112.6265717,4.2815e-04
112.6442947,4.2958e-04
112.6680832,3.9274e-04
112.6703262,3.4610e-04
112.6724777,4.6210e-04
112.6745148,3.0502e-04
112.6943359,3.7861e-04
112.7190399,3.3790e-04
112.7232361,4.2411e-04
112.7452774,3.5584e-04
112.7475891,4.7010e-04
112.7743530,2.9158e-04
112.7800064,6.0818e-04
112.7894211,2.9578e-04
112.7914047,2.6234e-04
112.7931442,2.4275e-04
112.8091660,3.1138e-04
112.8586121,2.9520e-04
112.8847885,4.4327e-04
112.9355774,2.8126e-04
112.9609146,4.6251e-04
112.9722595,3.4089e-04
112.9766464,3.3968e-04
112.9792633,4.0183e-04
113.0219116,3.8460e-04
113.0394363,6.1484e-04
113.0756836,2.9307e-04
113.0775299,4.6345e-04
113.0945282,5.2057e-04
113.1098785,6.4065e-04
113.1128616,7.9336e-04
113.1352386,3.5540e-04
113.1377258,3.2734e-04
113.1398773,4.0576e-04
113.1420364,3.2843e-04
113.1595383,4.8161e-04
113.1788788,3.2578e-04
113.1811218,3.1194e-04
113.1880417,4.1372e-04
113.1913528,4.1024e-04
113.2029037,8.3056e-04
113.2178574,4.1967e-04
113.2388458,3.9015e-04
113.2510529,4.3707e-04
113.2613983,3.7339e-04
113.2636337,3.8204e-04
113.3805923,4.0986e-04
113.4141235,8.0571e-04
113.4298248,3.7893e-04
113.4806976,3.1333e-04
113.5420074,3.5830e-04
113.6053925,6.4441e-04
113.6077499,3.6411e-04
113.6725235,4.3482e-04
113.6990662,2.9371e-04
113.7013855,8.9849e-04
113.7040482,4.9281e-04
113.7447281,3.6865e-04
113.7821350,4.3657e-04
113.8026505,9.3064e-04
113.8179932,4.4401e-04
113.8363266,3.4383e-04
113.8486023,3.5715e-04
113.8516617,3.2348e-04
113.8536758,2.3082e-04
113.8683167,2.7382e-04
113.8893356,3.6963e-04
113.9226074,3.2592e-04
113.9245834,3.0717e-04
113.9377213,3.7395e-04
113.9510269,3.7972e-04
113.9704666,6.6629e-04
113.9987793,3.2226e-04
114.0022812,3.3911e-04
114.0042343,2.6383e-04
114.0204163,3.6795e-04
114.0253677,4.3715e-04
114.0316772,2.8593e-04
114.0615005,3.4758e-04
114.0634842,2.6700e-04
114.1142807,3.7477e-04
114.1436005,3.4672e-04
114.1456375,3.2813e-04
114.1476212,2.7844e-04
114.1852188,4.0902e-04
114.2148514,7.5323e-04
114.2442245,3.3931e-04
114.2554779,3.2793e-04
114.2680511,5.1776e-04
114.2772980,4.4720e-04
114.3056488,3.5205e-04
114.3077621,3.7109e-04
114.3322144,4.1400e-04
114.3403778,2.6633e-04
114.3423080,3.7304e-04
114.3722839,3.3183e-04
114.3774109,3.3874e-04
114.4124756,2.2978e-04
114.4411392,2.9610e-04
114.4566116,3.3051e-04
114.5015640,3.7754e-04
114.5212097,3.4458e-04
114.5391998,3.5766e-04
114.5413742,2.7625e-04
114.5433426,3.2751e-04
114.6297073,3.1707e-04
114.6318054,2.6234e-04
114.6427841,6.4841e-04
114.6452255,3.0164e-04
114.6472244,2.6252e-04
114.6780167,3.0106e-04
114.7290039,3.5361e-04
114.7311707,5.9154e-04
114.8270874,3.5138e-02
114.8755875,3.9083e-04
114.8870163,3.0075e-04
114.9019470,5.2599e-04
114.9040833,2.5251e-04
114.9057617,2.8119e-04
114.9438782,3.1316e-04
114.9630356,2.8844e-04
115.0334549,2.5075e-04
115.0476151,2.5254e-04
115.0709534,3.0545e-04
115.1043854,3.6868e-04
115.1068878,3.8676e-04
115.1090317,5.5032e-04
115.1113205,6.5849e-04
115.1136856,3.0362e-04
115.1156998,3.9232e-04
115.1360245,3.0978e-04
115.1465683,3.6217e-04
115.1750031,4.7040e-04
115.1903687,3.6276e-04
115.2005310,4.3087e-04
115.2028427,3.6450e-04
115.2118759,3.3456e-04
115.2517700,2.6490e-04
115.2637863,4.3735e-04
115.2658463,2.8557e-04
115.2677155,2.6898e-04
115.2767105,3.0464e-04
115.2788086,3.6925e-04
115.2935257,3.3753e-04
115.3108063,2.8299e-04
115.3127975,3.2329e-04
115.3146744,2.2302e-04
115.3165436,2.6966e-04
115.3380051,2.8020e-04
115.3821182,2.9228e-04
115.4234695,4.0807e-04
115.4256821,4.3256e-04
115.4342728,3.3911e-04
115.4362488,2.6972e-04
115.4381409,2.6408e-04
115.4513931,2.4364e-04
115.4648056,3.1111e-04
115.4832535,2.8597e-04
115.5020218,3.1467e-04
115.5471802,2.7678e-04
115.5630722,1.0440e-03
115.5993195,3.3038e-04
115.6195450,2.8786e-04
115.6324844,4.9452e-04
115.6351624,3.6062e-04
115.6373596,2.6490e-04
115.6936188,4.3299e-04
115.7144928,3.1432e-04
115.7728806,3.2471e-04
115.7751389,3.6223e-04
115.7772369,3.8399e-04
115.7810822,3.0949e-04
115.8025131,3.2499e-04
115.8054123,2.9055e-04
115.8564529,4.6443e-04
115.8585968,3.6491e-04
115.8609695,2.6972e-04
115.8728485,3.5761e-04
115.9134598,3.4138e-04
115.9720383,3.6564e-04
115.9740295,3.2979e-04
115.9940033,3.2413e-04
116.0095520,2.7236e-03
116.0221481,2.9916e-04
116.0405121,3.2755e-04
116.0432358,4.7060e-04
116.0932770,4.9219e-04
116.1069870,2.7905e-04
116.1122513,3.3251e-04
116.1144638,4.3270e-04
116.1298523,3.1351e-04
116.1409912,3.4314e-04
116.1531219,2.9925e-04
116.1800232,3.1088e-04
116.1948853,2.5397e-04
116.1969910,3.0199e-04
116.1988068,3.7772e-04
116.2009354,3.3038e-04
116.2392120,3.8770e-04
116.2674332,4.3479e-04
116.2861328,3.3055e-04
116.2881775,2.8158e-04
116.3396988,3.1187e-04
116.3856888,4.1519e-04
116.3882370,3.8185e-04
116.3901749,3.1474e-04
116.3921280,3.2310e-04
116.4282074,3.3468e-04
116.4643631,2.6445e-04
116.4748993,3.4255e-04
116.5415649,2.5608e-04
116.5831909,2.0110e-03
116.6188736,1.8511e-03
116.6235962,4.3533e-03
116.6297073,2.8750e-04
116.6493073,4.1288e-04
116.6581573,4.8322e-04
116.6774292,4.0776e-04
116.7063751,3.5944e-04
116.7092133,2.6889e-04
116.7271881,3.9803e-04
116.7538834,2.7944e-04
116.7649918,4.3050e-04
116.7812881,3.8839e-04
116.8113403,2.5626e-04
116.8184738,3.2745e-04
116.8510132,3.9527e-04
116.8681793,3.0757e-04
116.8880692,3.1195e-04
116.9056244,4.6298e-04
116.9263763,2.8544e-04
116.9413147,3.6879e-04
116.9432907,4.5355e-04
116.9556351,4.2532e-03
116.9764786,3.3159e-04
117.0070572,3.6893e-04
117.0565643,3.5592e-04
117.0829010,3.6288e-04
117.1087646,4.2393e-04
117.1289978,2.8386e-04
117.1308975,3.1498e-04
117.1507797,3.2000e-04
117.1527481,4.0616e-04
117.1910629,3.2211e-04
117.2467575,2.8028e-04
117.2990875,2.9392e-04
117.3267365,4.6264e-04
117.3429260,3.3100e-04
117.3789902,3.9308e-04
117.3970261,3.3145e-04
117.4146042,4.2388e-04
117.4566574,4.1786e-04
117.4591293,4.7042e-04
117.4635849,3.0461e-04
117.4825058,4.0649e-04
117.4849014,2.7709e-04
117.4868088,2.5199e-04
117.4888535,2.8215e-04
117.4909592,3.1338e-04
117.4929733,2.6222e-04
117.5104218,2.9924e-04
117.5279083,2.9687e-04
117.5516891,3.3449e-04
117.6584167,4.2598e-04
117.6933594,4.3549e-04
117.7230606,5.8861e-04
117.7313080,2.7065e-04
117.7720184,3.9937e-04
117.7756424,2.5609e-04
117.7841949,5.3389e-04
117.8039017,5.8884e-04
117.8064194,3.7391e-04
117.8085480,2.9619e-04
117.8270645,4.6610e-04
117.8431396,3.3582e-04
117.8770676,2.8163e-04
117.8819504,2.7219e-04
117.8866730,2.6451e-04
117.8885574,2.9349e-04
117.9100494,3.0599e-04
117.9310913,1.4869e-03
117.9500656,2.5336e-04
117.9679260,2.5144e-04
117.9799194,3.8869e-04
118.0029297,3.3478e-04
118.0220490,3.3638e-04
118.0347748,2.7238e-04
118.0570755,1.7885e-04
118.0750809,3.4913e-04
118.0910339,3.7560e-04
118.0986710,3.7691e-04
118.1117706,3.1559e-04
118.1478500,4.6162e-04
118.1605148,2.7297e-04
118.1858978,2.8162e-04
118.1968079,3.1837e-04
118.2191162,4.0599e-04
118.2346649,5.6187e-04
118.2816467,5.5707e-04
118.3011932,3.4886e-04
118.3393784,4.0114e-04
118.3600693,3.2550e-04
118.3685303,2.5837e-04
118.3902435,3.6836e-04
118.4003754,2.3956e-04
118.4084854,2.3285e-04
118.4222946,2.9207e-04
118.4544373,3.1054e-04
118.4783401,2.9399e-04
118.4997482,3.3495e-04
118.5347214,3.7511e-04
118.5438995,3.1782e-04
118.5868835,4.7804e-04
118.6079178,4.0888e-04
118.6294479,3.2301e-04
118.6662064,3.4294e-04
118.7014160,3.1271e-04
118.7037888,3.7845e-04
118.7213593,4.1330e-04
118.7237701,3.9873e-04
118.7605057,3.4683e-04
118.7838364,3.2139e-04
118.7947617,3.3081e-04
118.8155594,3.3444e-04
118.8356094,4.0420e-04
118.8713684,6.1487e-04
118.8739090,4.4619e-04
118.8858948,4.0489e-04
118.8884125,3.7395e-04
118.9053040,5.0182e-04
118.9262009,3.3252e-04
118.9441376,5.5414e-04
118.9589157,4.3280e-04
118.9984818,3.9624e-04
119.0240097,2.8585e-04
119.0378647,4.7726e-04
119.0403137,4.0782e-04
119.0445557,3.7211e-04
119.0465546,2.8110e-04
119.0487061,3.3781e-04
119.0793152,4.1089e-04
119.0881348,6.9939e-04
119.1158600,4.5938e-04
119.1465454,2.9751e-04
119.1994858,3.0783e-04
119.2135162,5.1480e-04
119.2157364,4.4005e-04
119.2856827,4.2158e-04
119.2878113,3.1142e-04
119.2902908,4.2713e-04
119.2921906,2.8662e-04
119.2942276,2.8178e-04
119.3073120,3.6598e-04
119.3093185,3.3675e-04
119.3574371,2.9040e-04
119.3604660,3.8167e-04
119.3625031,3.6942e-04
119.3752213,2.8669e-04
119.4057312,4.5438e-04
119.4368362,3.9600e-04
119.4868622,4.2784e-04
119.5339966,6.5911e-03
119.5421295,5.6097e-04
119.5443039,2.7112e-04
119.5531769,3.5844e-04
119.5791092,2.6371e-04
119.6026535,4.2942e-04
119.6047440,3.4757e-04
119.6067276,3.0851e-04
119.6105194,2.4354e-04
119.6376724,2.7360e-04
119.6397400,3.0384e-04
119.6418076,3.2593e-04
119.6437225,2.9634e-04
119.6755905,3.2686e-04
119.7229843,2.9895e-04
119.7410202,3.4843e-04
119.7440109,4.5431e-04
119.7489777,3.6089e-04
119.8390274,4.0914e-04
119.8515091,2.7727e-04
119.8571167,3.6448e-04
119.8752899,3.0750e-04
119.8910828,3.5725e-04
119.9164124,3.3910e-04
119.9608917,5.9683e-04
119.9722061,2.8389e-04
119.9743805,3.0210e-04
119.9783707,4.9445e-04
119.9985046,4.5734e-04
120.0009460,4.1724e-04
120.0030899,3.6954e-04
120.0069122,2.4895e-04
120.0239868,2.7111e-04
120.0607071,3.9669e-04
120.0872269,2.9562e-04
120.1113434,2.4927e-04
120.1204224,3.1159e-04
120.1224213,4.0611e-04
120.1592865,3.6233e-04
120.2010880,3.4052e-04
120.2171707,3.5952e-04
120.2213516,3.4394e-04
120.2235947,3.8248e-04
120.2586288,3.0649e-04
120.2734756,2.9396e-04
120.2756729,3.7201e-04
120.2776031,2.5887e-04
120.2897034,4.3992e-04
120.3072128,3.5999e-04
120.3134308,5.6312e-04
120.3241959,3.8797e-04
120.3748245,3.4470e-04
120.3955688,4.9831e-04
120.3983078,3.3661e-04
120.4149170,3.2308e-04
120.4464645,3.7949e-04
120.4637299,2.7747e-04
120.4658356,6.3576e-04
120.4682999,3.3570e-04
120.5408325,3.1945e-04
120.6666489,4.0614e-04
120.6688385,3.2982e-04
120.6815567,4.9585e-04
120.6843414,4.3459e-04
120.6866379,3.3572e-04
120.6889496,3.2098e-04
120.7061386,3.2443e-04
120.7253418,5.5670e-04
120.7438583,3.4425e-04
120.7459717,2.7557e-04
120.7720795,3.1046e-04
120.7898560,3.8657e-04
120.8055725,5.1786e-04
120.8078079,2.5970e-04
120.8097687,2.9789e-04
120.8264084,5.2222e-04
120.8917770,3.5632e-04
120.9317703,2.6737e-04
120.9583282,2.8717e-04
120.9744492,3.5248e-04
121.0114288,3.7791e-04
121.0302200,4.5267e-04
121.0323715,4.0541e-04
121.0344238,2.8792e-04
121.0482712,3.7960e-04
121.0632401,3.8078e-04
121.0815125,2.8158e-04
121.1772461,3.4044e-04
121.1913757,6.3190e-04
121.2289886,4.5650e-04
121.2548828,9.7135e-04
121.2578049,3.3865e-04
121.2722549,4.3243e-03
121.3052902,2.9447e-04
121.3073425,2.9184e-04
121.3212280,2.8903e-04
121.3422775,2.9709e-04
121.3442688,3.0162e-04
121.3461304,2.7253e-04
121.4206085,3.1384e-04
121.4269409,4.0770e-04
121.4290695,3.3597e-04
121.4342804,5.1437e-04
121.4365463,2.6015e-04
121.4471283,4.1532e-04
121.4497223,3.0355e-04
121.4546280,3.9030e-04
121.4648590,3.3148e-04
121.4792633,3.3650e-04
121.5017700,4.2006e-04
121.5187531,7.4769e-04
121.5375595,3.1898e-04
121.5398712,2.9228e-04
121.5421600,3.1505e-04
121.5554276,2.9271e-04
121.5606308,2.6067e-04
121.5733414,4.8097e-04
121.5770798,3.9075e-04
121.5996475,3.8467e-04
121.6033401,4.7654e-04
121.6186066,3.6331e-04
121.6335678,3.0267e-04
121.6482849,3.4912e-04
121.6503677,3.1298e-04
121.6523209,6.9165e-04
121.6547089,4.1000e-04
121.6726151,1.7409e-03
121.6982422,3.2192e-04
121.7148438,3.4934e-04
121.7188416,3.2206e-04
121.7318420,3.2073e-04
121.7757797,3.8678e-04
121.7791367,2.7765e-04
121.7942429,2.7242e-04
121.8224640,3.0462e-04
121.8244400,3.1239e-04
121.8800659,4.3137e-04
121.8945770,3.7849e-04
121.8993835,3.0318e-04
121.9130936,3.4544e-04
121.9150162,2.7805e-04
121.9287720,3.7346e-04
121.9306870,4.7186e-04
121.9686508,3.9296e-04
121.9869232,3.1949e-04
122.0391464,2.7987e-04
122.0410156,2.9406e-04
122.0428467,2.9459e-04
122.0444412,2.6249e-04
122.0735703,3.8261e-04
122.0756683,3.4069e-04
122.0899048,2.6893e-04
122.1017914,4.3216e-04
122.1107101,4.5575e-04
122.1202621,5.2190e-04
122.1226654,3.8707e-04
122.1267014,5.2578e-04
122.1527939,1.8040e-03
122.2053604,3.1319e-04
122.2218170,3.7073e-04
122.2298813,3.3681e-04
122.2495346,3.6379e-04
122.2514725,3.0006e-04
122.2676315,2.9890e-04
122.2837677,3.1043e-04
122.2938919,3.1780e-04
122.3055344,2.8431e-04
122.3202286,3.0597e-04
122.3335724,2.6903e-04
122.3355637,2.8140e-04
122.3685303,3.5621e-04
122.3707428,2.8680e-04
122.4125366,2.6157e-04
122.4528046,3.1616e-04
122.4546432,3.3763e-04
122.4779053,3.1678e-04
122.5073853,2.7776e-04
122.5092010,4.3727e-04
122.5382690,2.9937e-04
122.5529709,3.3162e-04
122.5571289,3.2925e-04
122.6032944,3.1479e-04
122.6401825,4.3530e-04
122.6534424,3.5137e-04
122.7489929,3.0337e-04
122.8703690,5.1408e-04
122.8725967,3.2980e-04
122.8881912,5.1401e-04
122.8905869,2.7397e-04
122.9048843,6.3774e-04
122.9173508,3.7815e-04
122.9194183,3.2295e-04
122.9728165,5.0031e-04
122.9892426,4.5924e-04
123.0070572,5.2961e-04
123.0246964,2.9446e-04
123.0267715,2.4671e-04
123.0402756,3.5661e-04
123.0538712,5.6051e-04
123.0640717,3.3163e-04
123.1000290,3.1804e-04
123.1485291,3.4953e-04
123.1547775,2.6127e-04
123.1811829,3.6401e-04
123.2213058,6.1257e-04
123.2526932,4.4918e-04
123.2933197,3.6058e-04
123.2956085,3.6939e-04
123.2978973,3.9961e-04
123.3079834,3.8268e-04
123.3495255,4.7229e-04
123.4019547,3.0928e-04
123.4161072,3.6807e-04
123.4352264,5.3706e-04
123.4460068,3.2751e-04
123.4570312,5.2097e-04
123.4973602,3.7936e-04
123.5115128,2.4400e-04
123.5427628,2.9516e-04
123.5596085,3.4026e-04
123.5864029,3.3784e-04
123.6440964,3.4630e-04
123.7249832,3.2733e-04
123.7700806,3.0041e-04
123.7879028,5.4739e-04
123.7900085,2.9696e-04
123.8002319,5.3943e-04
123.8614197,3.1203e-04
123.8928299,3.0220e-04
123.9232178,2.4469e-04
123.9258270,2.7719e-04
123.9451447,4.5792e-04
123.9757843,2.9108e-04
124.0075684,3.5280e-04
124.0280304,3.4555e-04
124.1248627,3.2923e-04
124.1269760,3.6382e-04
124.1692200,3.3527e-04
124.2101288,3.2282e-04
124.2666855,2.9680e-04
124.3321915,2.8391e-04
124.3342438,2.9492e-04
124.3361893,2.6466e-04
124.3380890,4.2586e-04
124.3411255,3.1155e-04
124.3649597,2.8521e-04
124.3776855,3.4499e-04
124.3857346,3.2810e-04
124.3885269,4.1737e-04
124.3987656,5.8962e-04
124.4010239,2.9322e-04
124.4115982,3.0003e-04
124.4284897,5.9429e-04
124.4308243,4.3436e-04
124.4447708,3.9789e-04
124.4470901,4.4349e-04
124.4499207,3.2997e-04
124.5196381,3.1360e-04
124.5216446,2.8755e-04
124.5236969,2.7206e-04
124.5322952,3.3551e-04
124.5505676,4.7983e-04
124.5627975,3.2990e-04
124.5828552,5.8558e-04
124.6532669,2.8252e-04
124.6667633,4.2140e-04
124.6731949,3.0522e-04
124.6866684,3.4423e-04
124.7066574,3.1294e-04
124.7466965,3.1274e-04
124.7485886,2.3766e-04
124.7503891,2.5616e-04
124.7522278,2.8902e-04
124.7540588,2.3925e-04
124.7760620,2.8964e-04
124.7926559,2.6516e-04
124.7945786,3.7653e-04
124.8114319,2.6437e-04
124.8224716,3.9306e-04
124.8562164,2.7963e-04
124.8784637,2.8434e-04
124.9045944,3.4589e-04
124.9178238,3.2287e-04
124.9342499,3.5462e-04
124.9366302,2.9726e-04
124.9560318,2.8539e-04
124.9578934,2.3562e-04
124.9727554,3.0971e-04
124.9920120,3.0451e-04
124.9948044,3.9569e-04
125.0101395,2.6413e-04
125.0347824,4.4469e-04
125.0520172,4.3376e-04
125.0680923,4.5415e-04
125.1227722,2.7716e-04
125.1246872,4.4545e-04
125.1271362,4.8344e-04
125.1314774,7.0026e-04
125.1486969,3.4028e-04
125.1909943,2.9629e-04
125.2091599,4.7601e-04
125.2115097,4.8233e-04
125.2295303,3.2809e-04
125.2389450,4.9538e-04
125.2530441,3.1500e-04
125.2780380,3.9232e-04
125.2863312,2.9314e-04
125.2885818,3.7004e-04
125.2984238,3.2159e-04
125.3004990,4.2311e-04
125.3138123,3.4582e-04
125.3270798,2.7909e-04
125.3360291,3.6996e-04
125.3850708,4.2412e-04
125.4402771,4.4289e-04
125.4691772,3.6580e-04
125.4711838,3.1442e-04
125.4949036,3.3486e-04
125.5374298,3.8162e-04
125.5846863,3.3944e-04
125.5897751,3.2501e-04
125.6021118,2.8912e-04
125.6245270,2.9379e-04
125.6273193,2.5042e-04
125.6823120,3.1025e-04
125.6843185,4.1737e-04
125.6865616,3.7339e-04
125.7017288,4.3704e-04
125.7179947,4.4327e-04
125.7307129,3.5089e-04
125.7427597,4.2029e-04
125.7832642,2.9974e-04
125.7892303,2.9331e-04
125.7984543,3.9908e-04
125.8146515,4.4417e-04
125.8511963,3.0974e-04
125.8630219,3.6593e-04
125.8793564,2.7407e-04
125.8929977,2.6084e-04
125.8959885,4.8923e-04
125.9047241,2.9542e-04
125.9216003,6.0662e-04
125.9480209,3.5364e-04
125.9616165,3.6318e-04
125.9721527,4.5601e-04
125.9806900,7.9376e-04
126.0092926,3.4486e-04
126.0413742,3.5199e-04
126.0474167,3.1504e-04
126.0849838,7.8284e-04
126.1039276,3.0959e-04
126.1061478,4.3025e-04
126.1417160,4.8790e-04
126.1886826,2.5746e-04
126.2179718,3.6222e-04
126.2200089,3.6344e-04
126.2532043,5.0524e-04
126.2558136,6.9778e-04
126.2718506,4.2350e-04
126.2830353,5.2745e-04
126.2852783,3.2533e-04
126.3060303,3.7239e-04
126.3270721,3.2600e-04
126.3602600,2.5662e-04
126.3660202,3.2693e-04
126.3996658,3.9931e-04
126.4345779,3.0648e-04
126.4364853,3.2387e-04
126.4418869,4.0230e-04
126.4707413,4.5518e-04
126.4727020,3.4594e-04
126.4760666,3.9898e-04
126.4780045,2.9670e-04
126.5171204,3.4305e-04
126.5191116,3.5767e-04
126.5367050,2.8717e-04
126.5516281,3.1126e-04
126.5668564,2.8557e-04
126.5844498,3.2677e-04
126.5979919,4.5496e-04
126.6158676,3.7979e-04
126.6440048,5.2312e-04
126.6987228,5.1159e-04
126.7485657,4.2040e-04
126.7681046,3.4541e-04
126.7765732,5.4909e-04
126.8382263,3.3264e-04
126.8981247,4.6315e-04
126.9138489,3.3008e-04
126.9161606,3.4482e-04
126.9309006,4.9060e-04
126.9334030,3.6942e-04
126.9835205,4.3151e-04
127.0126953,2.8515e-04
127.0386276,2.6736e-04
127.0432281,3.3706e-04
127.0682068,2.8210e-04
127.1027832,3.5424e-04
127.1263809,4.2653e-04
127.1416702,2.5787e-04
127.1887894,2.7574e-04
127.2004166,3.6465e-04
127.2679062,1.0394e-03
127.3747025,2.9131e-04
127.4133835,3.1105e-04
127.4525223,4.3499e-04
127.4796982,3.6617e-04
127.4822388,5.4914e-04
127.5015182,3.1977e-04
127.5035553,2.5865e-04
127.5229721,3.7864e-04
127.5371399,3.0575e-04
127.5676498,2.4251e-04
127.5814743,2.7484e-04
127.6255264,3.2875e-04
127.6366806,5.2421e-04
127.6438141,3.9826e-04
127.6459122,2.7819e-04
127.6634521,5.3930e-04
127.6762466,4.0805e-04
127.6952591,3.0837e-04
127.6973495,3.8893e-04
127.7320557,3.7571e-04
127.7343063,3.7567e-04
127.7365723,4.6218e-04
127.7493744,2.9171e-04
127.8049469,3.2237e-04
127.8177719,3.4938e-04
127.8308716,4.0968e-04
127.8511581,2.8383e-04
127.8780136,2.7015e-04
127.9022598,3.9678e-04
127.9178391,2.5617e-04
127.9199142,2.9226e-04
127.9310760,5.5771e-04
127.9517593,4.5796e-03
128.0131836,3.4348e-04
128.0296478,3.0208e-04
128.0416107,3.0526e-04
128.0437469,3.7256e-04
128.0590668,4.5317e-04
128.0746155,3.0570e-04
128.0985565,3.3452e-04
128.1094971,5.8838e-04
128.1340027,4.3925e-04
128.1489868,3.1588e-04
128.1855316,4.1277e-04
128.1990662,3.1422e-04
128.2092743,3.2435e-04
128.2212219,3.6588e-04
128.2368011,2.6882e-04
128.2460785,3.5288e-04
128.2653198,2.3213e-04
128.2672424,2.6748e-04
128.2880859,2.9695e-04
128.3053741,3.5785e-04
128.3234253,3.1801e-04
128.3713379,2.9912e-04
128.3970032,2.6610e-04
128.4753265,1.7586e-03
128.4803925,4.1026e-04
128.4825745,2.6096e-04
128.5021973,4.4514e-04
128.5187531,3.0934e-04
128.5295105,2.6472e-04
128.5425262,2.9943e-04
128.5555267,3.4743e-04
128.5658417,2.9701e-04
128.6011810,3.1551e-04
128.6255035,5.2571e-04
128.6284180,3.2780e-04
128.7014160,3.1733e-04
128.7211456,4.4712e-04
128.7301788,3.5529e-04
128.7411194,3.9956e-04
128.8194275,3.2745e-04
128.8601685,3.6728e-04
128.8628235,3.0003e-04
128.8818665,2.9584e-04
128.9259491,1.4266e-03
128.9405212,3.4741e-04
128.9505157,3.9876e-04
128.9734344,4.0000e-04
128.9822540,3.7116e-04
128.9842834,3.0484e-04
129.0025024,8.9210e-04
129.0725403,4.8617e-04
129.0931702,3.6044e-04
129.1109619,2.9010e-04
129.1335754,2.7418e-04
129.1389618,4.5396e-04
129.1722870,3.3385e-04
129.1876678,4.2010e-04
129.2350006,2.9534e-04
129.2369843,4.3295e-04
129.2497864,3.9069e-04
129.2633514,5.9682e-04
129.2928314,4.8578e-04
129.3029175,2.9847e-04
129.3204498,2.6075e-04
129.3676453,4.0601e-04
129.3827972,3.4491e-04
129.4241333,3.1344e-04
129.4470825,5.6064e-04
129.5195465,3.4543e-04
129.5582886,3.2931e-04
129.5879974,2.9309e-04
129.5898895,3.0511e-04
129.6092987,3.5338e-04
129.6119385,3.2357e-04
129.6138000,2.9389e-04
129.6156311,3.8379e-04
129.6176453,3.7676e-04
129.6198273,3.0445e-04
129.6417847,4.5495e-04
129.6556854,4.9565e-04
129.6583099,4.0897e-04
129.6604462,3.1670e-04
129.6625824,3.1665e-04
129.6776581,3.8899e-04
129.7138367,5.0781e-04
129.7160187,2.9424e-04
129.7304382,2.8794e-04
129.7528534,3.0547e-04
129.7749939,2.9411e-04
129.8009796,3.1113e-04
129.8274994,5.8790e-04
129.8423462,2.8245e-04
129.9076691,2.9764e-04
129.9733582,4.1997e-04
129.9829559,2.7929e-04
129.9905243,3.8474e-04
129.9990387,4.0006e-04
130.0122223,3.0027e-04
130.0329742,4.1876e-04
130.0512085,2.4781e-04
130.0852814,3.8071e-04
130.1107330,3.8333e-04
130.1271362,3.9350e-04
130.1496582,4.2843e-04
130.1519012,4.5687e-04
130.1611633,3.4603e-04
130.2742157,3.7561e-04
130.3468323,2.8632e-04
130.3604126,2.9757e-04
130.3630829,2.6169e-04
130.3729553,2.9776e-04
130.3748016,3.2828e-04
130.3770599,3.0981e-04
130.3787994,2.7673e-04
130.3963623,2.6344e-04
130.4054108,2.5776e-04
130.4073029,3.5417e-04
130.4091797,3.3773e-04
130.4113007,3.1405e-04
130.4134827,2.8289e-04
130.4157715,3.0336e-04
130.4634705,2.5491e-04
130.4785461,5.0777e-04
130.4814148,5.4509e-04
130.4871521,2.5169e-04
130.4989166,3.0557e-04
130.5010834,3.5353e-04
130.5225983,2.7407e-04
130.5455627,2.3384e-04
130.5573425,4.1161e-04
130.5780487,2.9306e-04
130.5801697,3.1514e-04
130.6101379,3.5379e-04
130.6120605,2.8242e-04
130.6276398,3.6051e-04
130.6447144,3.5459e-04
130.6538239,2.8572e-04
130.6683197,4.6326e-04
130.7200012,3.4887e-04
130.7607574,2.7901e-04
130.8078918,3.0932e-04
130.8504181,5.4775e-04
130.8577423,2.8010e-04
130.8595428,2.5534e-04
130.8795929,3.2534e-04
130.8816376,7.1409e-04
130.9035339,3.5049e-04
131.0267944,3.8507e-04
131.0595703,3.2913e-04
131.0624390,3.1320e-04
131.0693665,6.1998e-04
131.0719147,2.7932e-04
131.0737305,4.8042e-04
131.1231384,3.2402e-04
131.1580811,3.3167e-04
131.1679688,3.8224e-04
131.1873169,3.4241e-04
131.2035980,4.7062e-04
131.2059174,2.8508e-04
131.2224121,5.0107e-04
131.2562866,4.3547e-04
131.3485565,4.3671e-04
131.3596649,3.0569e-04
131.3748779,2.9321e-04
131.3918457,3.2448e-04
131.4185944,4.4200e-04
131.4335175,3.7797e-04
131.4747467,3.0069e-04
131.4881897,4.5270e-04
131.4906921,6.8931e-04
131.5269928,3.6293e-04
131.5386963,2.6111e-04
131.5491180,5.2642e-04
131.5644684,3.1873e-04
131.5666962,5.9155e-04
131.5690918,3.9108e-04
131.5710602,2.9856e-04
131.5942078,2.8782e-04
131.5962677,3.1108e-04
131.5983124,4.2795e-04
131.6073914,3.7620e-04
131.6206512,4.3357e-04
131.6232910,3.7285e-04
131.6256866,1.7380e-02
131.6916962,4.5048e-04
131.7165070,3.6632e-04
131.7472076,3.2739e-04
131.7496033,3.6846e-04
131.7594452,2.4835e-04
131.8252869,5.4891e-04
131.9364319,3.6329e-04
131.9691620,3.4147e-04
132.0020752,3.7575e-04
132.0042419,2.8623e-04
132.0063477,4.0211e-04
132.0244751,3.8747e-04
132.0266266,3.0736e-04
132.0286255,4.0256e-04
132.0305786,2.9322e-04
132.0323639,2.8323e-04
132.0341492,2.4431e-04
132.0592651,3.3522e-04
132.0947113,3.2716e-04
132.1178741,2.8993e-04
132.2385254,3.5623e-04
132.2405396,2.6658e-04
132.2425079,3.2631e-04
132.2550812,3.7442e-04
132.2990265,3.4611e-04
132.3011475,6.1762e-04
132.3178558,4.2219e-04
132.3215637,3.4904e-04
132.3237610,3.1848e-04
132.3262329,2.5848e-04
132.3279877,2.8527e-04
132.3491516,8.2071e-04
132.3621521,7.9173e-04
132.3647766,4.5372e-04
132.3752289,4.7712e-04
132.3862610,3.4011e-04
132.3986511,2.9486e-04
132.4038849,2.9939e-04
132.4059601,2.2564e-04
132.4077911,2.8180e-04
132.4418488,8.8342e-04
132.4652405,3.9385e-04
132.4673004,2.9708e-04
132.4692535,3.7840e-04
132.4711304,2.9597e-04
132.4776306,4.5200e-04
132.4800262,3.7414e-04
132.4820557,5.3664e-04
132.5066681,3.9957e-04
132.5136108,4.5042e-04
132.5169220,2.9850e-04
132.5188293,3.3934e-04
132.5454102,2.9922e-04
132.5578766,3.5860e-04
132.5702515,3.5504e-04
132.5721893,3.9203e-04
132.5751495,3.5507e-04
132.5774384,5.4673e-04
132.6116791,3.3772e-04
132.6137390,3.4488e-04
132.6156616,3.6518e-04
132.6301727,2.6811e-04
132.6428986,3.2180e-04
132.6691284,3.3469e-04
132.6818695,2.7524e-04
132.7161713,4.0393e-04
132.7181702,3.1823e-04
132.7310944,3.8093e-04
132.7349548,4.0047e-04
132.7452087,2.9219e-04
132.7475128,4.2677e-04
132.7494659,3.3625e-04
132.7729340,3.0952e-04
132.7844238,3.6792e-04
132.7866821,2.5747e-04
132.8352661,3.8038e-04
132.8458710,3.7911e-04
132.8617706,5.7136e-04
132.8680267,4.1330e-04
132.8821564,5.6544e-04
132.8947754,3.2665e-04
132.8980255,4.0593e-04
132.9232025,2.5344e-04
132.9273834,3.3504e-04
132.9295654,5.4755e-04
132.9318542,3.7699e-04
132.9418640,5.2804e-04
132.9440613,4.0557e-04
132.9461517,7.3456e-04
132.9485321,3.4127e-04
132.9923248,3.1573e-04
133.0594177,3.2420e-04
133.0617828,3.6207e-04
133.0739136,3.4588e-04
133.0757294,2.7985e-04
133.1131744,4.4202e-04
133.1515045,3.7417e-04
133.1848297,3.7941e-04
133.2409668,3.0474e-04
133.2717285,2.6818e-04
133.2867584,3.2082e-04
133.3026733,3.4435e-04
133.3234863,3.8085e-04
133.3587341,2.8036e-04
133.3605499,3.1318e-04
133.3627777,3.2617e-04
133.3648834,3.2277e-04
133.3668213,2.8805e-04
133.3839569,3.2337e-04
133.3875427,6.4214e-04
133.3944855,4.1733e-03
133.4172058,3.8281e-04
133.4408569,2.9621e-04
133.4807434,3.4602e-04
133.4829712,3.5175e-04
133.4849243,4.0032e-04
133.5369110,2.9384e-04
133.5557251,3.3507e-04
133.5578308,2.6941e-04
133.5750122,2.5005e-04
133.7003021,3.3994e-04
133.7444458,2.8836e-04
133.7568817,2.8400e-04
133.7941589,3.0760e-04
133.7963104,5.2880e-04
133.7984924,3.4259e-04
133.8116608,3.0407e-04
133.8301392,3.0834e-04
133.8437042,4.3575e-04
133.8594208,2.9007e-04
133.8758392,2.9763e-04
133.8936157,3.6359e-04
133.9117432,5.6438e-04
133.9303131,2.9866e-04
133.9320679,3.2411e-04
133.9421844,2.9810e-04
133.9543304,2.8801e-04
133.9646301,2.8024e-04
133.9774170,3.0086e-04
133.9793091,3.9556e-04
133.9926147,4.3967e-04
134.0039825,2.8660e-04
134.0084534,3.8631e-04
134.0106964,2.8025e-04
134.0305786,2.8253e-04
134.0516968,3.7865e-04
134.0799713,4.1122e-04
134.0844421,4.5827e-04
134.0946960,3.7911e-04
134.1002960,3.7366e-04
134.1109161,2.9088e-04
134.1257019,3.3173e-04
134.1388550,4.3233e-04
134.1691284,3.1304e-04
134.1760559,3.5254e-04
134.2032013,3.6218e-04
134.2152252,2.5250e-04
134.2174835,3.5022e-04
134.2468719,4.0390e-04
134.3153381,2.8633e-04
134.3171997,2.7733e-04
134.3190918,2.7919e-04
134.3208160,2.7496e-04
134.3321686,3.4114e-04
134.3881683,2.9369e-04
134.4072266,3.5367e-04
134.4093018,2.7941e-04
134.4109497,2.4759e-04
134.4126129,2.8401e-04
134.4279175,4.2012e-04
134.4300385,2.8275e-04
134.4487762,2.9108e-04
134.4674988,2.6644e-04
134.4883728,3.2293e-04
134.5040283,4.9853e-04
134.5228882,3.1144e-04
134.5630493,3.0619e-04
134.5926819,2.9519e-04
134.6091156,3.7829e-04
134.6316681,3.6387e-04
134.6337585,2.9630e-04
134.6356354,2.4781e-04
134.6620789,3.7238e-04
134.6814423,3.1813e-04
134.7116699,3.6301e-04
134.7391663,3.6179e-04
134.7521057,3.8392e-04
134.7538757,3.2698e-04
134.7776794,3.5879e-04
134.7797852,2.4381e-04
134.7841797,4.3437e-04
134.7927094,4.2223e-04
134.7953491,3.6294e-04
134.7976532,2.8514e-04
134.8767700,9.8545e-03
134.8889008,3.2175e-04
134.9051971,5.7205e-04
134.9356842,4.0874e-04
134.9511871,2.9468e-04
134.9531097,4.2817e-04
134.9553375,3.5600e-04
134.9720764,1.0889e-02
134.9848022,3.2265e-04
135.0039673,4.0440e-04
135.0060883,3.3902e-04
135.0080414,3.0066e-04
135.0099945,3.5557e-04
135.0120697,2.7920e-04
135.0465393,3.8755e-04
135.0649261,3.8641e-04
135.0964813,2.9232e-04
135.0987549,5.4648e-04
135.1146698,4.8015e-04
135.1170807,3.1955e-04
135.1544342,3.3329e-04
135.1841431,3.4788e-04
135.2010651,4.1884e-04
135.2502899,3.5593e-04
135.2526703,4.4708e-04
135.3232117,4.4417e-04
135.3256989,3.6100e-04
135.3643646,3.4977e-04
135.3988037,3.7946e-04
135.4010925,7.4776e-04
135.4219818,4.9225e-04
135.4242249,4.1642e-04
135.4426422,1.9950e-02
135.4728699,3.0614e-04
135.5150757,2.9923e-03
135.5579987,4.4182e-04
135.5604095,2.9834e-04
135.6383057,3.4419e-04
135.6605225,4.5634e-04
135.6829376,2.9369e-04
135.6848602,2.3791e-04
135.8080597,3.7232e-04
135.8290100,3.3484e-04
135.8468170,3.8627e-04
135.8488922,3.3296e-04
135.8592529,4.0826e-04
135.8616028,4.1488e-04
135.8639069,5.1715e-04
135.8822784,2.8607e-04
135.8844757,8.4741e-04
135.8999939,2.9052e-04
135.9102020,3.7570e-04
135.9804077,2.4421e-04
135.9833527,2.7057e-04
135.9978027,3.1714e-04
135.9998474,2.7244e-04
136.0016479,2.4110e-04
136.0376587,5.0414e-04
136.0564423,3.3556e-04
136.0715027,2.9210e-04
136.0882111,3.3010e-04
136.0982056,3.0086e-04
136.1215210,2.5884e-04
136.1439972,4.7329e-04
136.1553497,4.1453e-04
136.1576996,3.0036e-04
136.1715546,3.1878e-04
136.1735687,3.4075e-04
136.1958771,2.9951e-04
136.2169495,3.6891e-04
136.2442017,3.8037e-04
136.2460785,2.5511e-04
136.2482605,3.3596e-04
136.2576294,2.6187e-04
136.2984161,2.8656e-04
136.3003998,4.3443e-04
136.3026733,3.1889e-04
136.3588867,4.6583e-04
136.3848419,5.2355e-04
136.4129791,4.4373e-04
136.4459839,3.1637e-04
136.4526062,3.8140e-04
136.4795227,2.9928e-04
136.5051422,3.0182e-04
136.5232239,3.1592e-04
136.5697174,5.2931e-04
136.5846710,6.1134e-04
136.6261749,5.1068e-04
136.6602936,3.4034e-04
136.7198029,3.2634e-04
136.7287750,3.1078e-04
136.7308350,3.7546e-04
136.7328339,3.2420e-04
136.7776489,4.1279e-04
136.8209991,3.2032e-04
136.8374634,3.9548e-04
136.8586426,3.1327e-04
136.8606567,3.8417e-04
136.8628693,2.8120e-04
136.8954468,3.0908e-04
136.9299316,2.8172e-04
136.9320679,2.8677e-04
136.9608612,3.4196e-04
136.9863586,6.7371e-04
136.9889984,5.8308e-04
136.9921417,4.1957e-04
136.9940948,3.0915e-04
137.0336456,3.1234e-04
137.0626678,3.5490e-04
137.0646515,2.9603e-04
137.0665283,3.7034e-04
137.0915222,3.0967e-04
137.1029510,3.6834e-04
137.1051636,4.0728e-04
137.1578369,3.5483e-04
137.2036133,3.5082e-04
137.2297211,3.8440e-04
137.2455292,6.3591e-04
137.2615356,3.2034e-04
137.2636261,2.9967e-04
137.2816162,3.5645e-04
137.2838593,2.6597e-04
137.2926636,3.1493e-04
137.3062286,3.0057e-04
137.3553925,2.8435e-04
137.3637085,3.6188e-04
137.3711395,4.0781e-04
137.3874054,2.6255e-04
137.3950195,2.5717e-04
137.4049530,3.0576e-04
137.4289398,4.1020e-04
137.4448242,2.9179e-04
137.4553833,3.7202e-04
137.5037231,2.7614e-04
137.5518799,2.9627e-04
137.5684052,2.6024e-04
137.5890808,3.0127e-04
137.6031952,2.4138e-04
137.6204529,2.8158e-04
137.6778412,3.3913e-04
137.6957245,3.5539e-04
137.7065735,3.2038e-04
137.7282562,4.4635e-04
137.7599945,3.1982e-04
137.7712708,4.8325e-04
137.7894440,4.5285e-04
137.8032990,3.3626e-04
137.8208771,2.7868e-04
137.8843842,3.7380e-04
137.9303131,3.0550e-04
137.9503326,2.7673e-04
137.9702759,2.5076e-04
137.9916077,6.0137e-04
138.1053619,3.8155e-04
138.1186523,3.8376e-04
138.1347656,3.1838e-04
138.1482849,4.3129e-04
138.1660461,3.0213e-04
138.1870728,3.3144e-04
138.2067566,3.5884e-04
138.2227631,3.2596e-04
138.2363129,4.0055e-04
138.2770538,3.6843e-04
138.2920532,2.9826e-04
138.3300934,3.1404e-04
138.3402710,5.9916e-04
138.3426819,3.6460e-04
138.3963165,2.8122e-04
138.4434509,2.6558e-04
138.4646301,3.7640e-04
138.4728851,2.9593e-04
138.5067139,5.2559e-04
138.5206451,3.8402e-04
138.5528107,4.0689e-04
138.5549011,2.9855e-04
138.5568237,3.6111e-04
138.5606537,2.6592e-04
138.5749817,2.7690e-04
138.5941162,3.3212e-04
138.6221619,5.4765e-04
138.6981964,3.0230e-04
138.7198181,4.5502e-04
138.7306671,6.7897e-04
138.7330322,2.7951e-04
138.7490997,4.0534e-04
138.7512360,3.2548e-04
138.7733002,4.4548e-04
138.7755890,5.3910e-04
138.7920380,3.3094e-04
138.8220520,3.4389e-04
138.8240967,3.0671e-04
138.8470154,3.0954e-04
138.8656311,3.3029e-04
138.8801727,2.5817e-04
138.9006042,3.2102e-04
138.9121704,2.6319e-04
138.9249268,2.6386e-04
138.9276886,3.1457e-04
138.9452667,3.7099e-04
138.9685974,4.5458e-04
138.9918518,5.0334e-04
139.0074310,4.5461e-04
139.0258179,3.1447e-04
139.0459900,3.6525e-04
139.0606537,4.0421e-04
139.0822296,3.2780e-04
139.1015167,1.6392e-03
139.1187286,3.1594e-04
139.1206818,3.2630e-04
139.1365051,3.8474e-04
139.1495361,4.8134e-04
139.1925659,2.7274e-04
139.2636108,3.0697e-04
139.2828979,3.4561e-04
139.2964630,2.8662e-04
139.3097534,3.1652e-04
139.3405151,5.0539e-04
139.3584900,4.9471e-04
139.3798523,3.1340e-04
139.4175415,4.3547e-04
139.4317169,3.2950e-04
139.4443970,3.7277e-04
139.4907684,3.5253e-04
139.4974518,2.8103e-04
139.5422211,3.3090e-04
139.5559540,3.3584e-04
139.5881500,3.2093e-04
139.5931091,3.1456e-04
139.5952301,4.3921e-04
139.6393585,3.8918e-04
139.6538849,4.1751e-04
139.6559906,2.6404e-04
139.6598969,2.8299e-04
139.7085876,2.9982e-04
139.7458191,3.0339e-04
139.7571259,3.7779e-04
139.8188477,4.1611e-04
139.8436279,3.5594e-04
139.8456421,2.6944e-04
139.8682098,2.8120e-04
139.9024658,3.5143e-04
139.9057617,3.1479e-04
139.9080811,3.7740e-04
139.9292297,3.2843e-04
139.9415741,3.6271e-04
139.9436340,2.8320e-04
139.9839478,3.7466e-04
139.9862823,3.5173e-04
140.0104828,2.9975e-04
140.0198059,3.0735e-04
140.0773010,3.0778e-04
140.1032562,2.6698e-04
140.1166992,4.2432e-04
140.1461792,4.1489e-04
140.1559601,3.0723e-04
140.1695862,2.9578e-04
140.2283936,4.3259e-04
140.2305450,3.6802e-04
140.2457581,4.2568e-04
140.2487335,3.6521e-04
140.2512054,2.9815e-04
140.2823029,3.7999e-04
140.2844086,2.7202e-04
140.2863922,2.5803e-04
140.2883606,4.4807e-04
140.3014069,5.9336e-04
140.3103485,3.7037e-04
140.3253937,3.9061e-04
140.4151459,3.3077e-04
140.4554291,3.7958e-04
140.4578857,5.2877e-04
140.4603882,3.1327e-04
140.5176697,3.1346e-04
140.5788422,2.6673e-04
140.5811005,4.2950e-04
140.6613922,3.5861e-04
140.6779785,3.8828e-04
140.6955719,5.1525e-04
140.6979828,4.0120e-04
140.6998138,4.2406e-04
140.7219238,3.5074e-04
140.7524719,2.5925e-04
140.7873230,4.9979e-04
140.8147583,4.7845e-04
140.8466034,3.5718e-04
140.8507690,5.4710e-04
140.8532257,3.4592e-04
140.9088745,3.6733e-04
140.9582062,3.0772e-04
140.9729919,3.5848e-04
140.9922791,1.2892e-03
141.0055847,3.5810e-04
141.0074005,3.6639e-04
141.0288239,5.2505e-04
141.0314941,4.1835e-04
141.0340118,3.9944e-04
141.0552216,3.7777e-04
141.0675354,2.6060e-04
141.0843811,3.8783e-04
141.0986328,3.6361e-04
141.1230316,2.6884e-04
141.1447906,4.1958e-04
141.1591644,3.3990e-04
141.1615601,2.6427e-04
141.1636353,3.2906e-04
141.1706543,3.0512e-04
141.1724701,2.4474e-04
141.1742859,5.1145e-04
141.1782837,3.3322e-04
141.1935883,2.7659e-04
141.1957703,2.7315e-04
141.2114563,3.2169e-04
141.2136078,3.4327e-04
141.2159424,2.9478e-04
141.2274933,2.8639e-04
141.2297363,2.7379e-04
141.2462769,2.9547e-04
141.2536774,4.0241e-04
141.2767944,3.5170e-04
141.2790222,2.5947e-04
141.3045044,2.6575e-04
141.3064117,9.7930e-04
141.3616180,4.2941e-04
141.4429779,3.4814e-04
141.4450226,2.9719e-04
141.4472504,3.2954e-04
141.4491882,2.4317e-04
141.5303650,3.9257e-04
141.5935974,3.8699e-04
141.5964813,5.0011e-04
141.6158600,2.5723e-04
141.6378174,2.7023e-04
141.6549377,3.9673e-04
141.6666412,3.1973e-04
141.6917877,3.2396e-04
141.7122040,2.6543e-04
141.7375641,3.3110e-04
141.7551270,4.5541e-04
141.7571564,2.3506e-04
141.7590027,2.8045e-04
141.7607574,3.0421e-04
141.7667236,4.5945e-04
141.7831573,3.3727e-04
141.7973328,6.3422e-04
141.7995453,3.0886e-04
141.8258820,3.8290e-04
141.8510895,3.3039e-04
141.8871155,3.3748e-04
141.8973083,3.4559e-04
141.8995667,2.9003e-04
141.9287415,3.8697e-04
141.9599304,4.2333e-04
141.9682770,6.9213e-04
141.9970856,3.2841e-04
142.0138397,3.0371e-04
142.0295715,3.8180e-04
142.0317078,4.3211e-04
142.0484314,3.4707e-04
142.0753021,3.2964e-04
142.0807037,2.8082e-04
142.0972290,3.0401e-04
142.1000214,4.2061e-04
142.1128998,3.1142e-04
142.1310120,5.1868e-04
142.1333160,3.2594e-04
142.1355743,3.0542e-04
142.1412048,4.0003e-04
142.1493378,3.2519e-04
142.1561584,2.8082e-04
142.1733856,3.0763e-04
142.1884003,6.3083e-04
142.2111206,5.6586e-04
142.2134247,2.7901e-04
142.2243347,3.2372e-04
142.2600250,2.8353e-04
142.2618866,4.1002e-04
142.3423615,2.8868e-04
142.4136505,3.6680e-04
142.4156952,3.6082e-04
142.4176941,3.0732e-04
142.4268951,3.3132e-04
142.4425354,6.0273e-04
142.4453735,3.2822e-04
142.4809265,2.6423e-04
142.4936218,2.5290e-04
142.5078735,6.3560e-04
142.5102692,4.9428e-04
142.5650940,3.4755e-04
142.5813141,3.7483e-04
142.6020355,4.0437e-04
142.6133423,4.0793e-04
142.6405792,3.7303e-04
142.6784973,3.5161e-04
142.6808472,3.4540e-04
142.6869812,4.6581e-04
142.7959137,3.6994e-04
142.8060455,4.1294e-04
142.8329010,3.5011e-04
142.8495636,3.4508e-04
142.8518372,3.7714e-04
142.8537903,2.6359e-04
142.8598022,3.3476e-04
142.8658295,3.9315e-04
142.9014130,4.2983e-04
142.9035187,4.1135e-04
142.9138336,4.2901e-04
142.9239044,6.0454e-04
142.9266968,3.7776e-04
142.9452362,2.8157e-04
143.0023651,3.8202e-04
143.0049133,3.9099e-04
143.0203552,4.6973e-04
143.0384827,2.8493e-04
143.0451813,4.5384e-04
143.0661621,3.8988e-04
143.0686951,5.0121e-04
143.0737762,3.5638e-04
143.0869904,1.4849e-03
143.1104279,3.6087e-04
143.1126709,4.0531e-04
143.1159668,2.3179e-03
143.1218719,3.8219e-04
143.1240997,3.9355e-04
143.1790619,2.9924e-04
143.1951752,5.5572e-04
143.2082977,5.4481e-04
143.2194672,3.4863e-04
143.2885132,3.0066e-04
143.3283844,8.5403e-04
143.3606415,7.4714e-04
143.3971558,3.0320e-04
143.4291534,3.6142e-04
143.4313202,2.8546e-04
143.4334106,4.8729e-04
143.4486084,3.1225e-04
143.4545746,3.3885e-04
143.4640198,3.2007e-04
143.4839783,4.6558e-04
143.4862213,5.3906e-04
143.4884491,3.1765e-04
143.4905396,5.5160e-04
143.4928436,3.6950e-04
143.4947510,2.7748e-04
143.4966583,2.8450e-04
143.5101166,2.6968e-04
143.5181885,7.6323e-04
143.5610962,4.3379e-04
143.5635834,9.3944e-04
143.5778198,3.4852e-04
143.5921631,3.9806e-04
143.6079559,5.3272e-04
143.6235657,5.4029e-04
143.6262970,3.8861e-04
143.6283417,2.8139e-04
143.6305084,2.9679e-04
143.6323395,2.6230e-04
143.6479034,2.9379e-04
143.6784515,3.2832e-04
143.7112885,3.0330e-04
143.7134094,3.6515e-04
143.7198639,5.4874e-04
143.7364807,3.8005e-04
143.7386169,4.2233e-04
143.7406769,3.4525e-04
143.7650757,3.0911e-04
143.7673492,3.7159e-04
143.7693787,2.9247e-04
143.7839203,3.9425e-04
143.8030243,4.4092e-04
143.8237305,4.8345e-04
143.8737335,3.4000e-04
143.9186096,4.3541e-04
143.9207916,8.4265e-04
143.9621124,4.0743e-04
143.9641724,3.1319e-04
143.9662628,4.7084e-04
144.0094910,3.0319e-04
144.0343018,3.1060e-04
144.0367279,3.8076e-04
144.0495758,3.5916e-04
144.0518951,3.5334e-04
144.0640106,3.4766e-04
144.0661163,2.7664e-04
144.0851135,3.6250e-04
144.0872192,3.4171e-04
144.1212616,4.9134e-04
144.1239471,4.0573e-04
144.1567841,3.3899e-04
144.1840668,3.1369e-04
144.2030640,3.0745e-04
144.2272034,3.5806e-04
144.2548218,3.2230e-04
144.2724609,2.9664e-04
144.2765198,2.6041e-04
144.2876587,2.7213e-04
144.3704529,3.3627e-04
144.4345856,3.1927e-04
144.4556732,3.0237e-04
144.4676056,2.9528e-04
144.5175018,3.6010e-04
144.5634766,2.9461e-04
144.5865326,2.9342e-04
144.5884552,2.6541e-04
144.6050110,3.2082e-04
144.6234589,2.5216e-04
144.6406860,3.6196e-04
144.6426544,3.3392e-04
144.6670227,2.9620e-04
144.6903687,3.8719e-04
144.7123871,5.2175e-04
144.7149048,7.7499e-04
144.7305450,3.4758e-04
144.7457123,2.8356e-04
144.7771454,2.5151e-04
144.7837372,2.9200e-04
144.7984619,3.4224e-04
144.8306885,2.8727e-04
144.8458405,3.0526e-04
144.8665161,5.3431e-04
144.9046936,2.8601e-04
144.9219818,3.1541e-04
144.9274750,3.9034e-04
144.9390564,3.7965e-04
144.9643402,3.0299e-04
144.9663544,3.1063e-04
144.9950256,2.6774e-04
145.0130920,3.4281e-04
145.0325623,3.9953e-04
145.0585480,3.9311e-04
145.0742035,4.6437e-04
145.0899506,4.0054e-04
145.1008911,2.8575e-04
145.1222382,3.7203e-04
145.1379547,2.8596e-04
145.1569366,5.6331e-04
145.1786652,3.3792e-04
145.2321320,3.5763e-04
145.2464600,4.0974e-04
145.2608643,2.6756e-04
145.2834473,2.7017e-04
145.2860107,3.6708e-04
145.3261871,5.1215e-04
145.3468781,3.2097e-03
145.3836975,3.4776e-04
145.3858948,3.6139e-04
145.4150848,3.4118e-04
145.4171295,2.8065e-04
145.4190979,3.7755e-04
145.4384918,3.9473e-04
145.4504852,3.0624e-04
145.4660492,3.6698e-04
145.4800415,3.3364e-04
145.5043488,2.8829e-04
145.5377045,3.2405e-04
145.5777130,3.1175e-04
145.5965118,2.9464e-04
145.6126404,9.0660e-04
145.6305389,3.1814e-04
145.6532898,2.9378e-04
145.7399292,4.1175e-04
145.7663422,2.9112e-04
145.7683411,2.9718e-04
145.7795410,3.4467e-04
145.8063965,4.7986e-04
145.8208923,4.5992e-04
145.8230591,2.5179e-04
145.8372498,3.0445e-04
145.8646851,4.9762e-04
145.8796844,2.0214e-03
145.8916473,3.5536e-04
145.9352875,3.7272e-04
145.9489441,5.5229e-04
145.9518890,4.8865e-04
145.9823914,3.8412e-04
146.0244141,3.6445e-04
146.0423279,3.5854e-04
146.1053162,3.4339e-04
146.1699829,2.4867e-04
146.2186279,2.8703e-04
146.2590179,3.9749e-04
146.2696686,5.0843e-04
146.2910309,3.8795e-04
146.3077698,3.7845e-04
146.3100739,5.5249e-04
146.3220367,5.6388e-04
146.3416901,2.8754e-04
146.3598022,4.7498e-04
146.3926697,4.1525e-04
146.4021301,3.5117e-04
146.4041290,2.8355e-04
146.4577789,4.2600e-04
146.5607758,3.3454e-04
146.6092529,4.4076e-04
146.6213074,3.6305e-04
146.6374207,4.4401e-04
146.6398773,4.2959e-04
146.6425171,5.3213e-04
146.6567230,4.6563e-04
146.6590881,7.2594e-04
146.6714935,3.4979e-04
146.6738586,4.8868e-04
146.7019043,3.5264e-04
146.7170715,2.7958e-04
146.7353210,6.3773e-04
146.7375183,2.6336e-04
146.7548218,3.7415e-04
146.7600708,5.3387e-04
146.7622223,3.0429e-04
146.7643127,3.1008e-04
146.9258728,3.5524e-04
146.9913788,2.9735e-04
147.0529175,2.6266e-04
147.0739899,4.1725e-04
147.0765228,3.5393e-04
147.0787506,5.9400e-04
147.0962067,4.2541e-04
147.0996857,4.1678e-04
147.1149750,2.7280e-04
147.1237640,3.6888e-04
147.1256714,3.3995e-04
147.1559906,3.2188e-04
147.1809082,2.7734e-04
147.1973114,2.5977e-04
147.2101135,4.1047e-04
147.2123566,6.7549e-04
147.2153320,3.6824e-04
147.2466278,3.5832e-04
147.2581024,5.0864e-04
147.2605133,3.7051e-04
147.2642517,2.7752e-04
147.3063965,5.0431e-04
147.3085938,2.8636e-04
147.3342133,5.0294e-04
147.3494720,3.5801e-04
147.3610535,3.0981e-04
147.3630371,2.8574e-04
147.3649597,3.1609e-04
147.4382477,3.7603e-04
147.4406281,2.4685e-04
147.5029144,4.0047e-04
147.5074921,4.4500e-04
147.5225830,2.7191e-04
147.5359344,3.2224e-04
147.5378876,2.6456e-04
147.5851135,3.4620e-04
147.5943604,3.6128e-04
147.6139679,4.0123e-04
147.6261139,3.4066e-04
147.6283112,3.0641e-04
147.6846008,3.5095e-04
147.6961060,5.0677e-04
147.6986847,3.6537e-04
147.7451477,4.1684e-04
147.7542572,4.0737e-04
147.7655182,4.0617e-04
147.7678833,3.4499e-04
147.7723541,4.6663e-04
147.7857513,3.0335e-03
147.7905426,5.2310e-04
147.7927094,3.9877e-04
147.8185883,3.1742e-04
147.8209991,3.2643e-04
147.8418884,4.5785e-04
147.8442230,3.2638e-04
147.8462219,3.3170e-04
147.8652191,3.7920e-04
147.8990021,3.8926e-04
147.9177551,3.6826e-04
147.9200287,4.0955e-04
147.9360199,3.0519e-04
147.9486847,2.8264e-04
147.9507751,4.4990e-04
147.9530029,4.6377e-04
147.9554291,3.0200e-04
147.9688873,3.9479e-04
147.9864197,3.3658e-04
148.0063477,3.6811e-04
148.0240936,3.1152e-04
148.0260162,2.8166e-04
148.0281372,3.0195e-04
148.0303650,3.8728e-04
148.0433655,3.2910e-04
148.0774078,3.8625e-04
148.0879669,3.4974e-04
148.0898743,3.2494e-04
148.0969849,3.2733e-04
148.0988312,3.8320e-04
148.1970673,3.1347e-04
148.2146606,5.4271e-04
148.2169952,2.5132e-04
148.2340851,3.8555e-04
148.2602997,2.5032e-04
148.3091736,3.1369e-04
148.3116150,3.1358e-04
148.3137207,4.2193e-04
148.3162689,3.9022e-04
148.3306732,4.1765e-04
148.3330994,4.1130e-04
148.3351746,3.0659e-04
148.3393555,6.7908e-04
148.3416290,4.1963e-04
148.3440704,3.4786e-04
148.3560638,4.0191e-04
148.3905182,4.5499e-04
148.4354553,3.6230e-04
148.4377747,3.3517e-04
148.4405060,2.6725e-04
148.4497528,3.6234e-04
148.4590454,2.7165e-04
148.4611816,3.4905e-04
148.4778137,3.3053e-04
148.4800262,3.4197e-04
148.4880981,4.3141e-03
148.5102539,3.6208e-04
148.5138092,3.8045e-04
148.5593567,3.3987e-04
148.5800781,3.9116e-04
148.6338043,3.6592e-04
148.6360474,3.5624e-04
148.6380615,3.5479e-04
148.6401978,3.4759e-04
148.6427460,3.3984e-04
148.6451874,3.5866e-04
148.7442169,3.3852e-04
148.7576141,6.9585e-04
148.7601624,3.2305e-04
148.7800446,2.4596e-04
148.8032837,4.7901e-04
148.8057861,3.8177e-04
148.8391571,3.1420e-04
148.8520050,3.3328e-04
148.8542633,3.8437e-04
148.8814545,4.0842e-04
148.8993835,2.6696e-04
148.9180298,3.6457e-04
148.9287109,3.7210e-04
148.9459839,2.7876e-04
148.9618835,2.6043e-04
148.9792786,3.4245e-04
149.0066528,3.6205e-04
149.0146790,2.7699e-04
149.0342560,3.7675e-04
149.0363007,2.9002e-04
149.0488586,2.9274e-04
149.0651703,3.0121e-04
149.0852509,3.1681e-04
149.1061249,6.5217e-04
149.1125946,3.2443e-04
149.1233063,3.0141e-04
149.1602478,3.2118e-04
149.1628876,3.8503e-04
149.1778412,4.0721e-04
149.1949158,3.5668e-04
149.2065582,3.4098e-04
149.2567902,3.8532e-04
149.2589417,5.6437e-04
149.2731781,4.9786e-04
149.3010254,3.4682e-04
149.3032837,4.2725e-04
149.3156128,4.2632e-04
149.3443756,3.4671e-04
149.3607788,3.5651e-04
149.4510193,6.1482e-04
149.4533081,2.9560e-04
149.4656219,5.1358e-04
149.4804382,5.7888e-04
149.4994202,3.9599e-04
149.5016327,2.7893e-04
149.5165253,3.3048e-04
149.5929718,2.5021e-04
149.5950317,3.5296e-04
149.5973053,3.2786e-04
149.6077576,3.7657e-04
149.6212769,3.0780e-04
149.6234283,3.6586e-04
149.6259766,3.7675e-04
149.6370544,3.9371e-04
149.6674042,4.0306e-04
149.6916046,3.7364e-04
149.6936035,2.6661e-04
149.7131195,6.5883e-03
149.7211456,2.8424e-04
149.7365417,2.4391e-04
149.7542877,3.3253e-04
149.8008728,3.0291e-04
149.8093872,3.9049e-04
149.8114471,3.1180e-04
149.8136749,3.1826e-04
149.8225708,4.8853e-04
149.8652039,4.9418e-04
149.9388885,3.6790e-04
149.9724731,3.4993e-04
149.9947662,4.0878e-04
150.0303345,3.6066e-04
150.0324554,4.7640e-04
150.0502930,5.0123e-04
150.1120758,2.8652e-04
150.1252441,2.9389e-04
150.1271057,3.0970e-04
150.1536560,5.4230e-04
150.1663666,3.9322e-04
150.1979675,5.3228e-04
150.2007141,5.9827e-04
150.2033081,3.2050e-04
150.2207947,3.9062e-04
150.2422638,4.5935e-04
150.2507324,2.9837e-04
150.2542572,3.9021e-04
150.2562103,3.0555e-04
150.2703705,3.3651e-04
150.2919769,4.2353e-04
150.3079987,1.2230e-03
150.3197327,3.4684e-04
150.3346710,4.3818e-04
150.3368530,4.1122e-04
150.3387604,2.7544e-04
150.3572998,2.6409e-04
150.3605652,4.6181e-04
150.3625946,4.1279e-04
150.4085083,3.7941e-04
150.4111633,3.8097e-04
150.4315186,2.7418e-04
150.4706879,2.9031e-04
150.4832764,3.1818e-04
150.5112152,2.9231e-04
150.5543213,4.7470e-04
150.5616913,2.6228e-04
150.5783997,2.6034e-04
150.6038361,4.1557e-04
150.6059875,3.0366e-04
150.6337738,4.0428e-04
150.6586304,2.9453e-04
150.6642303,3.9508e-04
150.6662445,3.5166e-04
150.6682129,3.5957e-04
150.6753082,5.3022e-04
150.6780396,4.0156e-04
150.6804047,2.8478e-04
150.7583313,3.5293e-04
150.7754211,3.6887e-04
150.7868805,3.4803e-04
150.7889557,4.5410e-04
150.8150787,4.2951e-04
150.8171692,4.4174e-04
150.8340912,2.6685e-04
150.8364716,3.8041e-04
150.8496399,4.4134e-03
150.9179382,3.3519e-04
150.9442749,3.6963e-04
150.9665680,3.6712e-04
151.0042877,3.7487e-04
151.0352020,2.8226e-04
151.0824890,3.0931e-04
151.1130219,3.6528e-04
151.1194000,5.1670e-04
151.1474762,3.8398e-04
151.1834717,5.3685e-04
151.2106934,2.9757e-04
151.2378235,3.8903e-04
151.2400970,3.4331e-04
151.2418823,3.5695e-04
151.2534180,3.3996e-04
151.2638855,5.8678e-04
151.2663422,4.0298e-04
151.2684021,2.7229e-04
151.2703400,2.9347e-04
151.2798615,3.4317e-04
151.2965546,3.1378e-04
151.2982178,2.6741e-04
151.3089600,2.5072e-04
151.3110962,2.9699e-04
151.3130188,2.6871e-04
151.3149719,3.4016e-04
151.3251495,2.8727e-04
151.3602753,4.8164e-04
151.3976135,4.1304e-04
151.3998413,3.6159e-04
151.4382019,6.8408e-04
151.4532013,3.3278e-04
151.4554138,2.8887e-04
151.4573669,3.2852e-04
151.4591217,3.0667e-04
151.4611206,2.9522e-04
151.4633942,3.3443e-04
151.5010834,3.2051e-04
151.5029907,2.6425e-04
151.5209503,3.7375e-04
151.5305328,3.2648e-04
151.5323181,2.9401e-04
151.5359039,4.0701e-04
151.5378265,4.1872e-04
151.5484161,2.9660e-04
151.5626221,3.4632e-04
151.5780792,2.9731e-04
151.5851135,3.9561e-04
151.5868378,2.6858e-04
151.5885773,2.5767e-04
151.5904236,2.4481e-04
151.6071625,4.7098e-04
151.6151886,2.6982e-04
151.6185760,3.7364e-04
151.6365051,3.3376e-04
151.6383209,3.5340e-04
151.6502533,3.3861e-04
151.7161255,2.6661e-04
151.7759094,3.1252e-04
151.7959747,3.5909e-04
151.8115997,3.0066e-04
151.8215027,2.5671e-04
151.8327942,4.0689e-04
151.8350830,5.2202e-04
151.8496704,2.5245e-04
151.8766937,3.3490e-04
151.8969116,3.5396e-04
151.9729156,3.0414e-04
152.0548859,4.1605e-04
152.0570221,2.8512e-04
152.0592041,2.8675e-04
152.0611115,3.0919e-04
152.0632324,2.5193e-04
152.0909271,3.3017e-04
152.1058044,3.2555e-04
152.1128845,3.3111e-04
152.1147461,3.0442e-04
152.1274261,8.8655e-04
152.1452179,4.7031e-04
152.1599274,5.4343e-04
152.1621399,2.9504e-04
152.1639557,3.1657e-04
152.1735535,4.6383e-04
152.1988373,3.4207e-04
152.2113190,2.6408e-04
152.2921448,2.7754e-04
152.3056946,3.4376e-04
152.3076782,3.2226e-04
152.3095703,2.9696e-04
152.3139496,2.9208e-04
152.3300476,3.8589e-04
152.3493500,3.8773e-04
152.3516541,4.9405e-04
152.3664856,3.5438e-04
152.3923187,6.2765e-04
152.3947449,3.1347e-04
152.4499359,3.9683e-04
152.4522247,4.0231e-04
152.4542999,2.5886e-04
152.4600677,4.7294e-04
152.4624329,2.9199e-04
152.4644623,2.0395e-04
152.5261078,1.9190e-03
152.5488892,2.8713e-04
152.5507355,4.8509e-04
152.5596771,4.1168e-04
152.5904541,5.8344e-04
152.6008606,4.3723e-04
152.6176300,3.3298e-04
152.6195374,5.1250e-04
152.6430206,3.1176e-04
152.6449127,2.4885e-04
152.6797180,3.5422e-04
152.6819305,3.6338e-04
152.6840820,4.0984e-04
152.7114716,2.8605e-04
152.7181091,3.1139e-04
152.7201996,5.7740e-04
152.7434998,3.0871e-04
152.7588501,3.2075e-04
152.7608032,4.5672e-04
152.7788086,3.1003e-04
152.7808838,4.0700e-04
152.7831726,2.9645e-04
152.8025208,4.0909e-04
152.8047485,3.7977e-04
152.8249969,2.4234e-04
152.8365326,4.1997e-04
152.8613434,3.8282e-04
152.8633423,3.8332e-04
152.9047241,3.4461e-04
152.9158325,3.1844e-04
152.9518890,3.1014e-04
153.0091858,2.5087e-04
153.0473633,3.8237e-04
153.0528564,2.5933e-04
153.0944214,3.0373e-04
153.1312256,2.8774e-04
153.1334229,2.6023e-04
153.1658020,3.2671e-04
153.2039032,3.5197e-04
153.2060699,4.1222e-04
153.2510071,4.9756e-04
153.3083496,5.2692e-04
153.3374329,3.5194e-04
153.3705139,3.7205e-04
153.4464722,3.4633e-04
153.4533691,3.9152e-04
153.4884186,3.4397e-04
153.4904480,4.7362e-04
153.4996338,3.4076e-04
153.5067749,2.7820e-04
153.5090485,3.6430e-04
153.5311127,4.2595e-04
153.5417633,4.1611e-04
153.6527405,3.6450e-04
153.7205048,2.6635e-04
153.7897186,2.5830e-04
153.7957458,4.8732e-04
153.8084717,3.0709e-04
153.8234100,3.6028e-04
153.8255615,2.4186e-04
153.8273621,2.7967e-04
153.8293304,2.8080e-04
153.8313904,3.4803e-04
153.8538208,3.2287e-04
153.8830566,2.8369e-04
153.9059753,3.8193e-04
153.9370270,2.8648e-04
153.9390106,3.4090e-04
153.9412689,3.7065e-04
154.0219574,3.4281e-04
154.0593872,4.6051e-04
154.1159210,3.2231e-04
154.1666870,3.0214e-04
154.1843872,3.7436e-04
154.2207489,3.7651e-04
154.2525024,3.4131e-04
154.2546844,3.5358e-04
154.2723236,2.5343e-04
154.2947998,2.5963e-04
154.3014221,3.3675e-04
154.3038330,3.2961e-04
154.3303070,3.6315e-04
154.3325806,6.0830e-04
154.3475800,4.4245e-04
154.3497009,3.8251e-04
154.3815155,3.5465e-04
154.4067993,3.9958e-04
154.4111938,3.1841e-04
154.4347687,4.8415e-04
154.4378967,3.7689e-04
154.4403992,2.9730e-04
154.4849701,2.8358e-04
154.5342712,3.4520e-04
154.5368042,2.8173e-04
154.5640259,2.9140e-04
154.5764008,4.3741e-04
154.5786591,3.5638e-04
154.5816040,5.9852e-04
154.6197815,3.5680e-04
154.6532440,3.3011e-04
154.6727753,5.8523e-04
154.6863556,3.3628e-04
154.6925049,3.1479e-04
154.7201080,3.5869e-04
154.7291565,2.8816e-04
154.7444916,3.1944e-04
154.7659302,4.0260e-04
154.7681427,2.9637e-04
154.8130646,1.7571e-02
154.8472748,3.4217e-04
154.8492737,2.8074e-04
154.8759003,2.8123e-03
154.9282074,3.1679e-04
154.9303741,3.6113e-04
154.9500122,3.7654e-04
154.9647369,1.7846e-02
154.9843292,2.8901e-04
154.9971924,3.2646e-04
155.0173187,3.7583e-04
155.0193939,2.7892e-04
155.0213165,2.9612e-04
155.0338745,2.7024e-04
155.0475006,3.4306e-04
155.0494995,2.8987e-04
155.0513306,2.5706e-04
155.0575256,3.0519e-04
155.0595703,3.0596e-04
155.0694427,2.4901e-04
155.0715637,3.2496e-04
155.0870209,2.9054e-04
155.0964203,2.7667e-04
155.1090393,3.8595e-04
155.1109619,2.9200e-04
155.1355743,2.7684e-04
155.1378174,3.5689e-04
155.1426697,3.7574e-04
155.1448059,3.1333e-04
155.1609344,2.9568e-04
155.1768646,3.8312e-04
155.1918488,3.0413e-04
155.1938171,2.7690e-04
155.2140656,5.7061e-04
155.2164612,4.0382e-04
155.2444000,3.6968e-04
155.2463226,2.8722e-04
155.2649384,2.9608e-04
155.2754669,6.8044e-04
155.2942505,3.5067e-04
155.3260193,3.0613e-04
155.3651123,2.9154e-04
155.4092560,9.5707e-04
155.4270935,2.8519e-04
155.4949646,1.1478e-02
155.5842133,2.9073e-04
155.5952759,5.4930e-04
155.5977325,2.7431e-04
155.6078033,7.1652e-04
155.6195984,2.9472e-04
155.6287842,4.5587e-04
155.6794434,3.6066e-04
155.7129974,3.3401e-04
155.7243805,3.9400e-04
155.7464752,2.7954e-04
155.7636566,4.2357e-04
155.7772980,3.6674e-04
155.7879791,3.1704e-04
155.7902679,4.2921e-04
155.8029938,2.7547e-04
155.8224030,3.3794e-04
155.8317261,2.7429e-04
155.8421936,4.0328e-04
155.8577423,4.0047e-04
155.8681183,3.2379e-04
155.8767548,3.8892e-04
155.8787384,2.9037e-04
155.8964386,3.9228e-04
155.9085846,2.6416e-04
155.9167175,3.1434e-04
155.9351807,3.5104e-04
155.9457703,3.5848e-04
155.9620819,2.6554e-04
155.9765320,5.4734e-04
155.9946289,2.3887e-04
156.0247040,3.8271e-04
156.0355835,2.5492e-04
156.0506287,2.8084e-04
156.0684967,2.5037e-04
156.0819092,4.5426e-04
156.0902252,5.0960e-04
156.1231232,3.0035e-04
156.1400909,2.6597e-04
156.1497345,3.9243e-04
156.1637421,4.3403e-04
156.1792450,2.8248e-04
156.2272034,3.0577e-04
156.2422180,3.2382e-04
156.2599792,3.3391e-04
156.2768555,2.7966e-04
156.2873535,3.6268e-04
156.3042755,2.6321e-04
156.3167114,3.6470e-04
156.3360901,2.7976e-04
156.3421478,2.5775e-04
156.3685760,1.8278e-02
156.3967896,3.1093e-04
156.4035339,2.7996e-04
156.4163055,2.9610e-04
156.4415131,3.3434e-04
156.4551239,2.7755e-04
156.4731293,3.9992e-04
156.4751434,2.8216e-04
156.5107422,2.8848e-03
156.5150757,3.7098e-04
156.5279083,3.5884e-04
156.5381012,1.7197e-03
156.5557861,3.6072e-04
156.5960999,2.7492e-04
156.6141510,1.3116e-03
156.6330109,4.2895e-04
156.6478271,3.0181e-04
156.6959686,2.8087e-04
156.7531433,3.0307e-04
156.7958069,2.7486e-04
156.8287354,6.1067e-04
156.8376160,3.9801e-04
156.8473511,3.0146e-04
156.8656921,3.9458e-04
156.8810730,3.6841e-04
156.8950195,2.8341e-04
156.9213409,2.7919e-04
156.9365845,3.2555e-04
156.9384460,2.4326e-04
156.9667053,2.8681e-04
157.0088806,3.3453e-04
157.0111847,7.2816e-04
157.0133972,2.8273e-04
157.0153809,2.1532e-02
157.0467834,3.7851e-04
157.0640717,3.1935e-04
157.0845337,4.6934e-04
157.1252747,2.4398e-04
157.1580353,4.0840e-04
157.1931305,3.3707e-04
157.1980591,3.0242e-04
157.2337952,3.4528e-04
157.2555847,4.1746e-04
157.2695465,4.2369e-04
157.2820129,3.0198e-04
157.3643951,4.3738e-04
157.4137115,3.5399e-04
157.4463959,3.9330e-04
157.4485931,2.7063e-04
157.4504242,2.9611e-04
157.4671478,3.1275e-04
157.4705963,3.5776e-04
157.4964905,3.6503e-04
157.5162659,3.3708e-04
157.5622864,2.9115e-04
157.5904694,3.6710e-04
157.5924835,3.5616e-04
157.6021271,3.0423e-04
157.6262970,3.0012e-04
157.6398621,4.4874e-04
157.6855621,2.7841e-04
157.7150269,3.9794e-04
157.7260590,3.1689e-04
157.7282562,3.3782e-04
157.7307434,4.1574e-04
157.7482758,4.1662e-04
157.7796631,7.1607e-04
157.7824860,2.8494e-04
157.7986450,3.0297e-04
157.8381348,4.4964e-04
157.8573914,6.8193e-04
157.8653717,3.2106e-04
157.8674622,2.9883e-04
157.8695068,3.7399e-04
157.9062958,3.0924e-04
157.9384918,3.1879e-04
158.0096741,3.1953e-04
158.0118408,2.6365e-04
158.0449677,5.9058e-04
158.0533752,3.6649e-04
158.0674896,3.2014e-04
158.0699005,6.1391e-04
158.1484985,3.7913e-04
158.2059021,3.0966e-04
158.2276764,4.2348e-04
158.2409058,3.9004e-04
158.2686920,3.0460e-04
158.3059845,3.1519e-04
158.3312683,3.7850e-04
158.3517456,3.5998e-04
158.3683167,2.8828e-04
158.3894196,3.0510e-04
158.4078369,7.4593e-04
158.4104614,5.7849e-04
158.4272003,5.8282e-04
158.4851990,3.7724e-04
158.5741882,3.0712e-04
158.5765686,3.0610e-04
158.5785217,2.7545e-04
158.5804138,3.0651e-04
158.5981750,3.3829e-04
158.6013641,7.0780e-03
158.6296387,3.4642e-04
158.6484833,5.6813e-04
158.6852417,3.1711e-04
158.6872711,5.9776e-04
158.7315063,4.0162e-04
158.7902832,3.3805e-04
158.7926331,2.8802e-04
158.8390503,3.7929e-04
158.8540649,2.3334e-03
158.8598938,2.7026e-04
158.8618469,3.0431e-04
158.8638458,3.2153e-04
158.8778992,4.7676e-04
158.8982544,2.2374e-04
158.9001465,3.0608e-04
158.9113464,1.0866e-03
158.9434814,4.1393e-04
158.9682617,3.7263e-04
158.9703522,5.6251e-04
158.9829102,3.0450e-04
158.9906158,2.8280e-04
158.9924774,4.0977e-04
159.0103912,4.2023e-04
159.0127411,3.6658e-04
159.0265961,3.5233e-04
159.0363770,8.2831e-04
159.0393372,3.5561e-04
159.0414581,4.1362e-04
159.1081085,4.0009e-04
159.1445312,2.5815e-04
159.1900024,3.9378e-04
159.1987457,6.2993e-04
159.2098541,2.7171e-04
159.2347717,6.8974e-04
159.2700043,3.1849e-04
159.2876434,5.3570e-04
159.3309326,3.1999e-04
159.3719025,3.4857e-04
159.3740387,2.8101e-04
159.3763275,4.9367e-04
159.3789368,4.5804e-04
159.4079285,3.8056e-04
159.4103699,3.8276e-04
159.4127655,3.5359e-04
159.4598541,1.0063e-03
159.4929504,5.3169e-04
159.4952240,5.2213e-04
159.4974060,2.6828e-04
159.4991302,3.4919e-04
159.5010376,3.1270e-04
159.5029144,2.5053e-04
159.5178375,5.0811e-04
159.5200043,3.3691e-04
159.5222931,2.7099e-04
159.5325317,2.4346e-04
159.5412292,3.0171e-04
159.5708466,2.7388e-04
159.5800476,4.7858e-04
159.5830383,3.3624e-04
159.5848999,3.9819e-04
159.5871277,2.5876e-04
159.6151428,4.0651e-04
159.6174927,1.5723e-03
159.6460571,3.4692e-04
159.6617584,6.3634e-04
159.6774292,4.8128e-04
159.6826935,4.3575e-04
159.6847076,2.7424e-04
159.6963654,3.3054e-04
159.7453156,3.1385e-04
159.7608948,3.7275e-04
159.7651215,8.8509e-04
159.7679138,8.9886e-04
159.7793121,5.0580e-04
159.7814636,3.0193e-04
159.8024750,3.7042e-04
159.8046417,3.5788e-04
159.8264008,4.8557e-04
159.8288727,2.6549e-04
159.8400879,9.9111e-04
159.8430634,4.7533e-04
159.8605042,4.4873e-04
159.8686981,4.2339e-04
159.8747559,3.7604e-04
159.8960266,2.8516e-04
159.9015350,3.3866e-04
159.9037933,2.9352e-04
159.9217834,3.1921e-04
159.9237976,3.3124e-04
159.9257202,2.6779e-04
159.9422760,8.6750e-04
159.9472504,3.1490e-04
159.9573822,2.9617e-04
159.9626007,2.9194e-04
159.9753418,2.6770e-04
159.9890594,4.3253e-04
159.9990997,3.7697e-04
160.0076752,3.4494e-04
160.0103760,3.7409e-04
160.0341949,3.2751e-04
160.0482788,2.8223e-04
160.0752106,5.0650e-04
160.0899811,3.2103e-04
160.1329956,3.0559e-04
160.1777496,3.4031e-04
160.1891937,2.9541e-04
160.2273712,3.3308e-04
160.2537231,3.6121e-04
160.2556610,2.5845e-04
160.3175964,4.0421e-04
160.3505707,4.9034e-04
160.3855896,3.7543e-04
160.4245758,2.9369e-04
160.4758453,3.9186e-04
160.4923706,5.2786e-04
160.4949188,3.9021e-04
160.5063324,3.1954e-04
160.5085144,3.0348e-04
160.5109100,3.2587e-04
160.5605469,3.3914e-04
160.5717773,3.8056e-04
160.5738525,3.1065e-04
160.6335602,4.0012e-04
160.6355591,3.5517e-04
160.6481018,3.5285e-04
160.6677246,3.0273e-04
160.6701355,3.0259e-04
160.7218933,6.6692e-04
160.7755585,4.0072e-04
160.7781067,4.1712e-04
160.8228760,3.6983e-04
160.8717804,4.3390e-04
160.9006348,4.4545e-04
160.9375153,3.1349e-04
161.0176239,2.9983e-04
161.0595093,2.7767e-04
161.0616302,3.5974e-04
161.0738525,3.4336e-04
161.0816803,3.6613e-04
161.0838928,3.1578e-04
161.1098022,3.4324e-04
161.1226501,3.1890e-04
161.1482086,4.8024e-04
161.1817627,2.8290e-04
161.2057343,2.8981e-04
161.2300720,3.5660e-04
161.2498627,3.4322e-04
161.2776337,5.5511e-04
161.3085785,6.1728e-04
161.3582764,5.0923e-04
161.3605347,4.5260e-04
161.3752594,3.6237e-04
161.3937683,4.2734e-04
161.4212189,3.0859e-04
161.4558411,3.4688e-04
161.5164185,3.9273e-04
161.5186157,1.0933e-03
161.5495911,3.3098e-04
161.5637817,4.6365e-04
161.5852814,5.3261e-04
161.5876770,2.8802e-04
161.6202240,3.3825e-04
161.6226654,3.5323e-04
161.6407928,3.6794e-04
161.6481628,3.0119e-04
161.6503754,5.3383e-04
161.6644135,2.8997e-04
161.6662750,3.2089e-04
161.6683350,2.4410e-04
161.6738281,2.7466e-04
161.7199249,4.9653e-04
161.7351532,3.2859e-04
161.7718506,3.1363e-04
161.7922974,2.9458e-04
161.8634033,3.6950e-04
161.9092102,3.3585e-04
161.9115295,3.5916e-04
161.9134369,3.5356e-04
161.9235382,3.4008e-04
161.9378052,3.9424e-04
161.9397888,3.3231e-04
161.9417267,3.0810e-04
161.9435730,4.2561e-04
161.9646606,3.7793e-04
162.0430450,3.0889e-04
162.1275940,3.1950e-04
162.1409607,3.0133e-04
162.1826630,2.8883e-04
162.2565613,3.0631e-04
162.2961578,8.6025e-04
162.3104706,3.9697e-04
162.3261261,3.5185e-04
162.3283234,3.2648e-04
162.3308716,3.2049e-04
162.3525085,4.0235e-04
162.3544464,4.4076e-04
162.3580017,2.8822e-04
162.3600464,2.6722e-04
162.3618927,2.2368e-04
162.3637848,2.9381e-04
162.3658600,2.6354e-04
162.4158173,2.7699e-04
162.4637451,3.0988e-04
162.4910889,3.9545e-04
162.5144043,3.8213e-04
162.5373993,3.5770e-04
162.5498199,9.6140e-04
162.5817871,3.6548e-04
162.6073761,2.8577e-04
162.6291656,3.5061e-04
162.6313171,3.6794e-04
162.6430054,4.7388e-04
162.6695404,3.7927e-04
162.6878052,3.3473e-04
162.7302246,3.3749e-04
162.7852478,2.8256e-04
162.7978973,4.8913e-04
162.8046112,4.0119e-04
162.8069763,3.3274e-04
162.8244171,3.2842e-04
162.8377075,2.6047e-04
162.8396149,3.4780e-04
162.8415527,4.8684e-04
162.8436737,3.2764e-04
162.8455505,3.2826e-04
162.8504486,2.8616e-04
162.8713531,2.8963e-04
162.9225159,4.5757e-04
162.9392090,3.6994e-04
162.9617157,3.3339e-04
162.9778595,3.8921e-04
162.9882812,4.3081e-04
163.0071716,3.3349e-04
163.0228424,3.3932e-04
163.0276031,2.6549e-03
163.0637512,2.4731e-04
163.1063843,7.4222e-04
163.1678467,3.2879e-04
163.1847076,3.4851e-04
163.1868896,4.7536e-04
163.2075043,6.2568e-04
163.2226410,3.6567e-04
163.2565155,3.8492e-04
163.3052673,3.5293e-04
163.3266144,2.8662e-04
163.3520966,3.2030e-04
163.3687439,3.9067e-04
163.3779755,3.1585e-04
163.3799286,2.9071e-04
163.3943787,3.0084e-04
163.3962555,2.8414e-04
163.3981323,2.6543e-04
163.4028473,3.4282e-04
163.4051971,3.4181e-04
163.4432373,3.0225e-04
163.4547577,3.3619e-04
163.4716644,2.7531e-04
163.4737396,2.8262e-04
163.4757233,2.4582e-04
163.4905853,3.0463e-04
163.5018921,2.9990e-04
163.5038147,2.8045e-04
163.5057526,3.0066e-04
163.5076752,3.0039e-04
163.5188141,3.1691e-04
163.5208588,2.6043e-04
163.5362396,3.1213e-04
163.5572510,2.6821e-04
163.5847321,2.7244e-04
163.5890350,5.0956e-04
163.6043243,2.6056e-04
163.6103058,3.6740e-04
163.6224976,3.6437e-04
163.6342926,2.7912e-04
163.6362610,2.3933e-04
163.6671753,2.9646e-04
163.6996155,3.5969e-04
163.7207184,3.7923e-04
163.7226410,3.2006e-04
163.7444000,2.6215e-04
163.7461700,2.3633e-04
163.7691650,5.4244e-04
163.7713318,2.9091e-04
163.7730103,2.7991e-04
163.7942047,2.8811e-04
163.8112030,2.9450e-04
163.8298035,3.2364e-04
163.8631897,2.6415e-04
163.8943329,2.5845e-04
163.9585571,3.7480e-04
163.9695435,3.3020e-04
163.9716339,3.7292e-04
164.0019684,3.0240e-04
164.0412292,2.9501e-04
164.0750122,2.7411e-04
164.1090546,4.7923e-04
164.1217499,2.7744e-04
164.1571198,3.1520e-04
164.1593323,4.0917e-04
164.1901093,2.4760e-03
164.1941986,2.6760e-04
164.2004242,3.2099e-04
164.2434692,3.1891e-04
164.3341217,3.1149e-04
164.3366089,3.8426e-04
164.3618011,2.6663e-04
164.4027710,2.6103e-04
164.4192352,2.6844e-04
164.4402924,3.8874e-04
164.4899139,3.2233e-04
164.5359955,3.0620e-04
164.5381165,3.4549e-04
164.5803986,3.6416e-04
164.6146851,2.8795e-04
164.6166077,3.9817e-04
164.6650848,3.0415e-04
164.7027435,3.1367e-04
164.7121124,2.8233e-04
164.7257538,4.2359e-04
164.7281342,3.7926e-04
164.7304688,3.7718e-04
164.7324524,3.5702e-04
164.7685547,2.8656e-04
164.8157043,2.8408e-04
164.8175964,2.3109e-04
164.8311768,4.3489e-02
164.8842926,2.7651e-04
164.8863525,2.7844e-04
164.8893280,2.8422e-04
164.8912354,3.8084e-04
164.8931732,2.8404e-04
164.9250031,3.7682e-04
164.9480743,3.8448e-04
164.9588165,3.1878e-04
164.9729309,2.8988e-04
164.9770508,2.5869e-04
165.0106964,3.5313e-04
165.0288849,3.3024e-04
165.0713501,3.2907e-04
165.2134857,2.5885e-04
165.2645264,2.6515e-04
165.2663574,2.6065e-04
165.2680817,2.3788e-04
165.2699890,2.8859e-04
165.2827454,3.8256e-04
165.2847443,3.8112e-04
165.2866058,2.9952e-04
165.3033295,2.7897e-04
165.3188934,3.4458e-04
165.3209534,2.6980e-04
165.3448792,2.9985e-04
165.3468475,2.7058e-04
165.3934631,2.5053e-04
165.3952179,3.1374e-04
165.3972168,3.1026e-04
165.4128723,3.9232e-04
165.4265442,4.1208e-04
165.4411011,3.2272e-04
165.4433594,2.7663e-04
165.4750824,3.0973e-04
165.4770050,2.7384e-04
165.4932556,3.5567e-04
165.4952393,3.2643e-04
165.5278931,3.9921e-04
165.5650482,3.1117e-04
165.5832672,4.4920e-04
165.5854187,3.9074e-04
165.6286469,4.0372e-04
165.6680603,3.0205e-04
165.6808929,2.8718e-04
165.6829834,4.1746e-04
165.6958771,3.3636e-04
165.6980286,3.0966e-04
165.7114105,3.2362e-04
165.7134857,3.3057e-04
165.7155151,2.9948e-04
165.7646484,2.7872e-04
165.8115234,3.4685e-04
165.8391113,3.1166e-04
165.8409271,2.7699e-04
165.9242249,2.9269e-04
165.9399261,3.0578e-04
165.9617310,3.0818e-04
165.9640350,2.9841e-04
165.9799347,2.7836e-04
166.0016785,2.9466e-04
166.0233917,2.9108e-04
166.0500031,3.5337e-04
166.0636902,2.7135e-04
166.0809784,2.9059e-04
166.0946198,2.5311e-04
166.1079102,3.0623e-04
166.1441803,4.5481e-04
166.1948700,3.6618e-04
166.2188416,3.2043e-04
166.2529449,4.8245e-04
166.2707367,4.6083e-04
166.3404999,4.0152e-04
166.3527374,4.0143e-04
166.3865814,3.3025e-04
166.4013214,3.1527e-04
166.4202423,4.0857e-04
166.4407349,2.7379e-04
166.4684143,3.8472e-04
166.4729462,3.0767e-04
166.4900513,2.8459e-04
166.5079041,3.4519e-04
166.5339813,3.0035e-04
166.5358734,3.0878e-04
166.5726013,4.0830e-04
166.6309662,4.2821e-04
166.6598663,3.2437e-04
166.6620331,3.6233e-04
166.6641388,3.6739e-04
166.6796722,7.3255e-04
166.7030334,4.0083e-04
166.7982635,2.7872e-04
166.8442688,2.9634e-04
166.8551331,3.7259e-04
166.8722076,2.7827e-04
166.8740997,3.3388e-04
166.9209900,2.8853e-04
166.9266663,3.7062e-04
166.9421692,3.5876e-04
166.9571686,3.3498e-04
167.0071411,2.9571e-04
167.0153503,2.8540e-04
167.0317688,4.1753e-04
167.0336761,2.5644e-04
167.0373840,3.4043e-04
167.0633545,3.6285e-04
167.0656738,4.0741e-04
167.0786438,3.3726e-04
167.0806274,3.2074e-04
167.0826111,2.7466e-04
167.1233826,2.7189e-04
167.1252136,3.4474e-04
167.1520844,3.9189e-04
167.1935577,4.1336e-04
167.2316284,3.2574e-04
167.2588043,4.8118e-04
167.2609253,2.9759e-04
167.2919159,3.3217e-04
167.2940826,3.1956e-04
167.2960663,2.9002e-04
167.3456268,4.0162e-04
167.3638306,3.4034e-04
167.3761902,2.9217e-04
167.3938751,3.2177e-04
167.4224396,2.9689e-04
167.4420929,3.3211e-04
167.5186462,5.1816e-04
167.5300751,2.7305e-04
167.6060944,3.1214e-04
167.6129913,2.6981e-04
167.6298065,3.9863e-04
167.6476440,2.6402e-04
167.6606140,2.8132e-04
167.6783295,4.6850e-04
167.6897583,2.6943e-04
167.7087250,2.8463e-04
167.7209778,3.7901e-04
167.7639771,2.6165e-04
167.7805176,5.2565e-04
167.8049164,3.5557e-04
167.8423767,2.9153e-04
167.8985901,2.9253e-04
167.9095306,3.5023e-04
167.9264679,2.7018e-04
167.9634857,2.9652e-04
168.0257568,4.7933e-04
168.0454254,3.0821e-04
168.0609131,3.0241e-04
168.0919647,3.5457e-04
168.1042633,3.9273e-04
168.1174011,3.1061e-04
168.1197205,2.7888e-04
168.1379700,3.2435e-04
168.1542358,3.0794e-04
168.1688538,2.7507e-04
168.2149353,2.8223e-04
168.2766571,2.9442e-04
168.3046112,3.6114e-04
168.3239594,3.8275e-04
168.3303223,3.6137e-04
168.3417511,4.0805e-04
168.3437195,2.3956e-04
168.3787689,3.2596e-04
168.3809662,2.7196e-04
168.3826294,3.4891e-04
168.4161835,3.3207e-04
168.4319305,3.5670e-04
168.4338684,3.3429e-04
168.4358673,2.5684e-04
168.4445496,2.6620e-04
168.4677734,3.8854e-04
168.4814911,3.8332e-04
168.4927368,2.7860e-04
168.5234375,2.5442e-04
168.5375519,2.4480e-04
168.5735626,3.2602e-04
168.5908203,2.6792e-04
168.6207733,3.2749e-04
168.6353302,3.0860e-04
168.6535034,2.5653e-04
168.6727753,2.6531e-04
168.6839600,2.7157e-04
168.7161865,3.2287e-04
168.7393341,3.1383e-04
168.7597351,3.6198e-04
168.7617188,2.6648e-04
168.7650452,2.3465e-04
168.7669678,2.2022e-04
168.7723694,2.6146e-04
168.7742767,2.4207e-04
168.7785492,2.5870e-04
168.7803650,2.5710e-04
168.7820282,2.1370e-04
168.7878418,4.1713e-04
168.8280029,3.5146e-04
168.8305054,3.2687e-04
168.8618469,3.6256e-04
168.8800812,2.7172e-04
168.8890991,3.0740e-04
168.9043579,2.8156e-04
168.9060211,3.1539e-04
168.9150848,2.8716e-04
168.9432220,2.8006e-04
168.9592743,3.1883e-04
168.9610901,3.1243e-04
168.9664612,3.5827e-04
169.0151215,3.2541e-04
169.0300751,3.6295e-04
169.0441437,3.0714e-04
169.0462189,3.0266e-04
169.0881195,2.9962e-04
169.1341248,2.9621e-04
169.1358490,2.4067e-04
169.1397858,2.6487e-04
169.2057648,3.2936e-04
169.2174530,3.5021e-04
169.2395630,3.7660e-04
169.2416229,2.6404e-04
169.2700958,2.4856e-04
169.2862244,4.2372e-04
169.3015442,2.7874e-04
169.3193207,5.0769e-04
169.3318481,2.7919e-04
169.3338013,2.7342e-04
169.3575287,3.4813e-04
169.3827362,2.5399e-04
169.4586792,3.0911e-04
169.4605713,3.0174e-04
169.5038147,3.0380e-04
169.5549316,2.6043e-04
169.5667572,3.1306e-04
169.5830688,2.8189e-04
169.6159973,3.5120e-04
169.6318207,3.1428e-04
169.6605835,4.0860e-04
169.6625824,2.6413e-04
169.7789917,3.5669e-04
169.8312378,2.9061e-04
169.8916321,2.7989e-04
169.9484863,3.1109e-04
169.9503937,2.4705e-04
169.9562378,2.8750e-04
169.9580078,2.5240e-04
169.9618073,2.4793e-04
169.9781036,3.2320e-04
169.9897461,3.3281e-04
170.0097351,3.1554e-04
170.0567932,3.0663e-04
170.0780792,3.0129e-04
170.0819550,2.9702e-04
170.0836334,2.4259e-04
170.1221313,2.7448e-04
170.1308899,2.9579e-04
170.1389160,2.7007e-04
170.1635895,2.5613e-04
170.2074432,2.9692e-04
170.2500153,2.8183e-04
170.2608032,2.8118e-04
170.2763214,2.9659e-04
170.2867584,2.9782e-04
170.2989349,2.9199e-04
170.3280029,3.4384e-04
170.3406677,3.5997e-04
170.3520355,3.9254e-04
170.3665314,3.3740e-04
170.4282227,3.2507e-04
170.5120697,3.3074e-04
170.5274048,3.1608e-04
170.5830383,3.0745e-04
170.5985260,2.6482e-04
170.6090393,2.6514e-04
170.6557770,4.0243e-04
170.7330322,2.9167e-04
170.8361511,3.8370e-04
170.8383179,3.5583e-04
170.8572540,2.6403e-04
170.8590393,3.0822e-04
170.8608246,2.9458e-04
170.8631897,3.6470e-04
170.8724213,3.0524e-04
170.8744202,2.6415e-04
170.8996124,3.3097e-04
170.9671173,3.0340e-04
170.9787903,4.0899e-04
171.0021210,3.6680e-04
171.0172272,3.5068e-04
171.0192871,2.6759e-04
171.0319672,2.8680e-04
171.0338440,2.5641e-04
171.0448151,3.5662e-04
171.0597534,3.3241e-04
171.0665894,3.0958e-04
171.0829620,2.9170e-04
171.1063385,3.2970e-04
171.1135864,2.8584e-04
171.1238403,3.0021e-04
171.1257172,2.9486e-04
171.1511078,2.5888e-04
171.1794586,2.3470e-04
171.2078705,6.2799e-04
171.2100677,2.8376e-04
171.2263641,3.5973e-04
171.2701416,2.6893e-04
171.2941895,2.6489e-04
171.2960968,3.3254e-04
171.2978973,3.2996e-04
171.3068390,3.3485e-04
171.3087921,2.5653e-04
171.3125610,3.7419e-04
171.3426514,3.5751e-04
171.3838348,3.1990e-04
171.3970337,3.7958e-04
171.4093323,3.1990e-04
171.4219360,3.7485e-04
171.4238281,2.7730e-04
171.4256592,2.4432e-04
171.4370880,2.6860e-04
171.4522247,3.0080e-04
171.4605408,4.8306e-04
171.4626312,3.7018e-04
171.4844971,3.2522e-04
171.4973297,3.0328e-04
171.5091705,2.8465e-04
171.5109253,2.9078e-04
171.5128174,2.9169e-04
171.5334320,3.1965e-04
171.5531158,3.3885e-03
171.5767517,2.5197e-04
171.5939026,3.3259e-04
171.5959778,2.7163e-04
171.5977936,3.0035e-04
171.5996399,2.4670e-04
171.6212921,2.9968e-04
171.6376801,4.7134e-04
171.6539154,3.0207e-04
171.6627045,3.2924e-04
171.6735382,5.5432e-04
171.7023773,3.3899e-04
171.7184143,2.6828e-04
171.7240295,3.7714e-04
171.7538300,3.2673e-04
171.7558594,3.6526e-04
171.7774353,3.4935e-04
171.7907257,3.1698e-04
171.8275757,3.6678e-04
171.8494873,3.1208e-04
171.8514557,3.0285e-04
171.9048920,2.8022e-04
171.9235535,2.4430e-04
171.9351959,2.6961e-04
171.9507446,4.0274e-04
171.9684448,2.8878e-04
171.9802856,3.0699e-04
171.9821472,3.6580e-04
172.0166168,5.3891e-03
172.0509491,3.7967e-04
172.0810547,3.1962e-04
172.0828552,2.6366e-04
172.0982971,3.3486e-04
172.1165466,7.2161e-04
172.1336060,3.2865e-04
172.1355591,2.6380e-04
172.1843414,2.8344e-04
172.1862030,2.8435e-04
172.2335358,3.0302e-04
172.2766724,3.2796e-04
172.2874451,2.6166e-04
172.2927246,2.7809e-04
172.3113251,3.3926e-04
172.3340454,2.7660e-04
172.3358154,2.6409e-04
172.3559875,2.7456e-04
172.3577881,2.5017e-04
172.3798676,3.8872e-04
172.4147797,5.0464e-04
172.4235992,3.2330e-04
172.4509888,3.2164e-04
172.4527435,2.9696e-04
172.4547119,3.4178e-04
172.4721985,2.7962e-04
172.5311737,3.4420e-04
172.5628662,3.9319e-04
172.6439056,3.0357e-04
172.6457367,2.5556e-04
172.6473846,2.7142e-04
172.6492157,2.8576e-04
172.6592865,2.8146e-04
172.7189178,3.4534e-04
172.7572784,3.3277e-04
172.8041687,3.8380e-04
172.8062744,3.3085e-04
172.8250580,3.0315e-04
172.8523712,2.9172e-04
172.8663483,4.0187e-04
172.8960419,2.6823e-04
172.9126892,3.3310e-04
172.9261780,4.4371e-04
172.9600830,3.2869e-04
172.9633789,3.4546e-04
173.0196228,3.3317e-04
173.0676727,3.7049e-04
173.1007843,2.9378e-04
173.1286926,3.6782e-04
173.1306152,2.9236e-04
173.1323242,2.5468e-04
173.1578979,3.8328e-04
173.1717834,3.0061e-04
173.1902161,2.8796e-04
173.2028351,3.7396e-04
173.2236786,3.0499e-04
173.2355499,4.0136e-04
173.2487183,3.8044e-04
173.2936707,2.6242e-04
173.3127441,3.0606e-04
173.3273621,3.6053e-04
173.3297424,3.7296e-04
173.3490143,4.7358e-04
173.3643188,2.8712e-04
173.3801270,2.8826e-04
173.3821106,2.2999e-04
173.3962708,3.2700e-04
173.4048309,4.4640e-04
173.4073181,2.6581e-04
173.4090118,3.3643e-04
173.4108276,2.7310e-04
173.4268646,2.9493e-04
173.4423981,2.7594e-04
173.4448853,3.2467e-04
173.4650574,3.4572e-04
173.4805756,3.7727e-04
173.5000916,4.3210e-04
173.5218658,3.3918e-04
173.5347595,3.5491e-04
173.5527954,3.0524e-04
173.5681458,2.7914e-04
173.5816345,3.4147e-04
173.5834198,3.2922e-04
173.6717377,3.0328e-04
173.6831360,3.5835e-04
173.7012482,2.7943e-04
173.7138367,3.4803e-04
173.7339020,3.3375e-04
173.7462311,4.4029e-04
173.7834015,4.0248e-04
173.7986603,4.5621e-04
173.8178711,3.3790e-04
173.8197937,3.4021e-04
173.8374939,2.7358e-04
173.8392639,2.5733e-04
173.8538971,2.7912e-04
173.8783722,3.0408e-04
173.8984833,2.8157e-04
173.9005280,2.8336e-04
173.9218597,3.4028e-04
173.9428558,2.8435e-04
173.9606781,3.5239e-04
173.9794312,4.2977e-04
173.9931793,2.8360e-04
174.0101624,4.0086e-04
174.0459290,3.2720e-04
174.0685425,3.0835e-04
174.0876465,3.5148e-04
174.0897980,2.7608e-04
174.0916138,2.5579e-04
174.1002350,3.4661e-04
174.1093597,3.4369e-04
174.1112518,2.5068e-04
174.1130829,3.1687e-04
174.1149139,3.2297e-04
174.1306305,3.0017e-04
174.1324921,2.6493e-04
174.1343384,2.4607e-04
174.1364288,2.8891e-04
174.1382904,3.0509e-04
174.1855316,3.3621e-04
174.2219391,3.1408e-04
174.2368317,3.7409e-04
174.2468414,3.7091e-04
174.2489624,3.5109e-04
174.2508240,3.0499e-04
174.2581024,3.3617e-04
174.2694397,3.2198e-04
174.2852325,3.7375e-04
174.2963257,4.2420e-04
174.3083496,3.7365e-04
174.3255157,4.4408e-04
174.3274994,2.5389e-04
174.3456726,3.8342e-04
174.3476715,2.5928e-04
174.3494873,2.5041e-04
174.3512878,1.3808e-03
174.3720398,3.7064e-04
174.3907013,3.5665e-04
174.4044800,3.6917e-04
174.4213562,8.5961e-04
174.4345398,3.3318e-04
174.4448242,3.5418e-04
174.4566803,3.5428e-04
174.4622803,3.5976e-04
174.4869080,2.7407e-04
174.4904022,3.3528e-04
174.4925842,3.1792e-04
174.4944305,3.1083e-04
174.5130005,3.4464e-04
174.5298920,3.1381e-04
174.5397491,3.2603e-04
174.5417328,3.3456e-04
174.5569153,2.9431e-04
174.5589905,2.6917e-04
174.6227112,3.5110e-04
174.6440735,4.1936e-04
174.6623077,4.7087e-04
174.6647186,5.1963e-04
174.6805725,4.2389e-04
174.6939545,4.2136e-04
174.7204285,3.8770e-04
174.7316437,2.9511e-04
174.7335358,2.6796e-04
174.7353821,2.9076e-04
174.7553864,2.9134e-04
174.7573242,2.9099e-04
174.7718201,3.1989e-04
174.7737579,3.2126e-04
174.7902985,3.0929e-04
174.8655243,3.4137e-04
174.8928833,3.2630e-04
174.8948364,2.9273e-04
174.8967590,3.4951e-04
174.8988342,2.8865e-04
174.9008636,2.9379e-04
174.9282074,3.3848e-04
174.9943542,2.5916e-04
175.0522461,3.1796e-04
175.0841064,3.4232e-04
175.0859833,2.7200e-04
175.1301575,3.3842e-04
175.1444550,3.6244e-04
175.1597443,3.5361e-04
175.1617737,3.3974e-04
175.2056427,4.6025e-04
175.2520599,3.7277e-04
175.2937164,4.1236e-04
175.2956696,2.9096e-04
175.3041687,2.9442e-04
175.3152771,3.4249e-04
175.3275452,2.7300e-04
175.3294983,2.6502e-04
175.3425293,2.9678e-04
175.3444061,2.3889e-04
175.3462067,2.6576e-04
175.3787079,4.6474e-04
175.4138031,3.6547e-04
175.4550934,3.0526e-04
175.4996338,1.1169e-02
175.5125580,3.2072e-04
175.5498810,2.9200e-04
175.5685425,2.5278e-04
175.5874176,3.7356e-04
175.5894775,2.7641e-04
175.6053314,2.5989e-04
175.6070862,2.4850e-04
175.6087646,2.4864e-04
175.6105652,3.4462e-04
175.6270294,2.3406e-04
175.6287079,3.3663e-04
175.6305237,2.2983e-04
175.6320953,2.1541e-04
175.6338348,2.3047e-04
175.6354523,2.2859e-04
175.6418610,3.1607e-04
175.6456299,3.0581e-04
175.6774750,3.3265e-04
175.6793213,2.9261e-04
175.7000122,2.5503e-04
175.7217407,3.0812e-04
175.7354584,3.0120e-04
175.7496948,2.6596e-04
175.7749329,3.1535e-04
175.7768250,3.0303e-04
175.7862549,3.0916e-04
175.7882843,2.9043e-04
175.8069611,3.8135e-04
175.8092346,2.8106e-04
175.8116302,2.6393e-04
175.8171844,3.2911e-04
175.8196564,3.6101e-04
175.8310242,3.0680e-04
175.8440247,3.1469e-04
175.8459320,3.1369e-04
175.8591003,3.3567e-04
175.8722229,2.6796e-04
175.8952942,3.4414e-04
175.8972778,3.3100e-04
175.9133606,3.2114e-04
175.9402313,3.1475e-04
175.9606171,2.9024e-04
175.9623718,2.4097e-04
175.9764709,3.0224e-04
175.9898529,2.7215e-04
175.9915466,2.2767e-04
176.0083160,3.1095e-04
176.0102539,3.0324e-04
176.0200348,3.0344e-04
176.0221405,3.5138e-04
176.0337830,3.4511e-04
176.0357819,3.5983e-04
176.0482941,2.9331e-04
176.0502472,2.6477e-04
176.0605164,3.1077e-04
176.1033936,3.2312e-04
176.1052551,2.6062e-04
176.1347198,3.7575e-04
176.1757965,3.4998e-04
176.1778412,2.8088e-04
176.1796722,2.8063e-04
176.2218781,3.2953e-04
176.2406311,2.7161e-04
176.2423859,2.5994e-04
176.2577057,3.9257e-04
176.2599335,3.5047e-04
176.2618866,2.8608e-04
176.2637177,2.6678e-04
176.2655029,2.8626e-04
176.2812958,3.2987e-04
176.2831879,3.3340e-04
176.2849426,3.5748e-04
176.3048096,3.0241e-04
176.3391571,3.5699e-04
176.3510132,3.3533e-04
176.3529358,3.0453e-04
176.3787842,2.8097e-04
176.3806458,2.7328e-04
176.3823853,2.5886e-04
176.3840942,2.9210e-04
176.4002686,3.2263e-04
176.4021149,2.8728e-04
176.4040375,3.4327e-04
176.4058533,2.6122e-04
176.4160919,2.7963e-04
176.4179840,3.0149e-04
176.4197083,2.7732e-04
176.4214020,2.8641e-04
176.4363098,2.7327e-04
176.4381104,2.6438e-04
176.4398346,2.9867e-04
176.4414978,2.7588e-04
176.4432526,2.5517e-04
176.4449768,2.8932e-04
176.4467621,2.8012e-04
176.4485626,3.2472e-04
176.4503326,2.9819e-04
176.4520569,2.5698e-04
176.4537811,2.7389e-04
176.5264435,3.0683e-04
176.5283051,3.1709e-04
176.5510864,3.5136e-04
176.5531006,3.6420e-04
176.6204376,3.4022e-04
176.6363068,3.1207e-04
176.6549683,3.3739e-04
176.6570892,4.1444e-04
176.6711273,2.8905e-04
176.6730804,2.8913e-04
176.6912537,3.2737e-04
176.6932526,3.0546e-04
176.6950684,2.9545e-04
176.6968994,2.6118e-04
176.6987457,2.6605e-04
176.7005157,2.5124e-04
176.7021790,2.5414e-04
176.7104950,3.4573e-04
176.7123871,3.5386e-04
176.7292633,3.1180e-04
176.7311249,2.7609e-04
176.7417755,3.1437e-04
176.7568359,3.5688e-04
176.7587738,3.3924e-04
176.7606201,2.5768e-04
176.7747803,3.5307e-04
176.7767487,5.9675e-04
176.7936859,3.1511e-04
176.8102875,3.5282e-04
176.8127136,2.8989e-04
176.8229523,3.3458e-04
176.8250732,3.1532e-04
176.8269501,2.4834e-04
176.8860779,3.5867e-04
176.8880768,2.6133e-04
176.9092560,2.8073e-04
176.9236908,3.4216e-04
176.9440002,3.0197e-04
176.9620514,2.9303e-04
176.9641266,3.5590e-04
176.9659576,2.7403e-04
176.9846954,2.9604e-04
176.9868927,3.1489e-04
177.0047760,2.8519e-04
177.0248871,3.2802e-04
177.0268555,3.2629e-04
177.0488739,3.2028e-04
177.0508118,3.2870e-04
177.0525818,2.4976e-04
177.0541687,2.6176e-04
177.0559235,2.6184e-04
177.0575409,2.5235e-04
177.0656891,2.9025e-04
177.0677338,4.0659e-04
177.1077881,3.8994e-04
177.1102295,3.1916e-04
177.1450043,3.4366e-04
177.1753540,3.0918e-04
177.1773987,2.5999e-04
177.2152100,3.0827e-04
177.2172089,1.7201e-03
177.2448578,3.1374e-04
177.2467346,3.4429e-04
177.2572327,3.0986e-04
177.2590637,2.9174e-04
177.2607574,2.7448e-04
177.2991333,3.8759e-04
177.3159180,3.4780e-04
177.3213043,3.2824e-04
177.3232422,3.4759e-04
177.3249969,3.2070e-04
