time,runtime
0.0681881,1.2291e-03
0.0729978,5.4984e-02
0.2585143,7.4964e-04
0.3082287,1.6292e-03
0.3132637,1.6775e-03
0.3253047,1.9764e-03
0.3310940,1.2741e-03
0.3975221,1.1127e-02
0.4130178,2.3252e-02
0.4396334,3.1154e-03
0.4487769,2.0586e-03
0.4536506,1.3215e-03
0.4583877,3.8574e-02
0.5004256,9.4047e-04
0.6624589,1.1965e-02
0.6851924,9.8913e-02
0.8774953,1.2332e-03
0.8937904,1.6231e-03
0.8988086,1.2600e-03
0.9063599,1.4568e-03
0.9310498,1.1529e-03
0.9788930,1.6571e-02
1.0075475,3.0108e-01
1.3410056,7.8592e-04
1.3444418,1.3274e-03
1.6229696,2.1735e-03
1.6596900,1.8449e-02
1.8061535,6.3432e-02
1.9079368,1.4198e-03
1.9857721,8.9254e-04
1.9954541,9.3097e-02
2.1300647,8.3889e-04
2.2343390,1.3328e-03
2.4335678,8.8244e-04
2.4375532,3.2611e-02
2.5285165,3.3798e-03
2.6753075,1.2278e-03
2.6806810,1.2223e-03
2.7620790,1.2461e-03
2.8275707,1.2193e-03
2.8395329,1.0545e-03
2.9280832,9.4118e-04
3.0250068,1.7158e-02
3.0553119,7.2139e-04
3.1049397,8.6632e-02
3.2196596,3.5154e-03
3.2259407,5.8055e-04
3.2302179,1.2338e-03
3.2343256,1.3070e-03
3.2469499,1.7274e-03
3.2763221,7.5671e-02
3.4822934,1.4751e-03
3.6565685,1.8038e-03
3.6615820,1.3150e-03
3.6818573,9.6809e-04
3.7004921,6.6931e-03
3.7737820,1.4646e-03
3.8459055,1.5545e-03
3.8571908,1.0292e-02
3.9510186,1.2534e-03
3.9578116,8.8394e-01
5.1144843,8.8101e-02
5.2705359,1.2859e-03
5.2759843,1.3899e-02
5.2940488,4.7752e-02
5.3702202,9.4592e-04
5.5374069,1.1646e-01
5.7310820,1.1307e-03
5.7672677,1.1640e-03
5.7979684,1.3649e-03
5.8264136,1.0179e-03
5.8310428,5.0929e-03
5.9564977,5.8056e-03
5.9691496,8.3439e-04
5.9739842,1.0930e-03
6.0358081,1.8974e-02
6.0715995,8.6745e-03
6.1209149,1.9028e-03
6.1596775,1.9890e-03
6.1650333,9.7597e-04
6.2560306,1.2904e-03
6.2856059,2.5029e-03
6.5228343,4.6625e-02
6.7062602,2.6428e-02
6.7911382,1.5773e-03
6.8079777,3.5669e-02
6.8805408,3.9420e-03
6.8913360,1.1375e-03
6.9172521,3.2543e-02
6.9528356,7.8670e-04
6.9772196,8.3326e-04
6.9989629,6.6490e-03
7.0400276,1.7569e-01
7.4347825,6.2939e-03
7.5764661,1.1480e-02
7.6112256,1.6446e-03
7.6156235,1.5453e-03
7.6467013,7.2603e-04
7.6751842,1.1959e-03
7.6974382,2.2114e-02
7.8005981,7.2149e-03
7.8518567,7.9830e-02
7.9438109,1.8478e-02
7.9786320,1.5395e-02
8.0101442,8.5400e-04
8.1209135,1.1681e-03
8.2253418,1.2358e-03
8.2301207,1.3410e-02
8.2928286,1.2024e-03
8.2968874,6.3296e-04
8.4211426,1.7831e-02
8.4497843,1.9182e-02
8.5280657,3.3891e-02
8.6560364,6.8077e-04
8.6622496,4.1171e-02
8.7144051,9.1750e-04
8.7186985,9.9397e-04
8.9499350,1.0031e-03
8.9768353,7.6438e-04
9.0098200,9.5729e-01
10.1166363,6.5121e-04
10.1799850,1.5337e-03
10.1855011,7.4981e-04
10.2071581,1.5251e-02
10.2696867,8.7924e-04
10.3812332,5.5814e-03
10.3957396,1.1462e-02
10.4372187,3.7104e-02
10.4870071,2.2582e-03
10.4959249,1.5406e-03
10.5023050,1.0290e-03
10.5068045,1.5244e-01
10.7403555,8.0638e-03
10.7561369,1.1887e-03
10.7601480,9.6328e-04
10.8079967,7.4722e-04
10.8142099,8.0226e-04
10.8639297,1.7370e-02
10.9476347,8.9891e-02
11.0409555,1.1954e-02
11.0562334,2.4254e-03
11.1169558,9.1502e-04
11.1868048,2.1816e-02
11.2778168,1.2562e-03
11.3144798,8.4870e-04
11.3247957,6.9307e-04
11.3344908,9.0456e-04
11.3378820,6.4594e-04
11.3431988,7.4927e-04
11.3459826,7.2357e-02
11.4209700,1.1908e-02
11.4361172,2.8188e-03
11.4453545,6.2516e-04
11.4480219,5.7034e-04
11.4553890,5.9302e-04
11.4591322,1.0679e-03
11.4638643,4.6809e-02
11.6501150,3.7362e-03
11.6556673,7.2975e-03
11.7497692,9.7636e-04
11.7673655,3.7543e-02
11.8089724,7.5874e-02
11.9175787,9.6998e-04
11.9219370,1.1378e-03
12.1652708,3.5367e-02
12.3081055,1.1121e-03
12.3356266,5.6896e-03
12.3463440,7.2122e-04
12.3521729,5.9301e-04
12.3832464,2.8756e-03
12.3905659,1.2596e-03
12.4253016,8.3016e-04
12.4303551,2.8608e-03
12.4359102,7.4111e-02
12.5137930,8.6544e-04
12.5576572,8.6216e-04
12.5615845,7.0900e-03
12.5799208,3.0555e-02
12.6210251,2.6876e-02
12.6529551,9.6430e-02
17.6671906,1.5150e-03
17.6722679,9.9801e-04
17.6788673,3.0749e-01
17.9912930,1.6612e-03
18.0193844,5.4142e-02
18.4045944,1.6899e-02
18.4246426,8.5896e-04
18.5379124,8.6814e-04
18.5992470,7.4245e-04
18.6221046,8.1292e-03
18.6355953,1.0289e-03
18.6781025,3.7437e-02
18.7458744,9.7961e-02
19.3112373,4.4257e-02
19.3898354,7.6794e-04
19.5107765,8.1078e-02
19.6033306,2.7684e-02
19.7529106,1.8661e-03
19.7808971,1.2221e-03
19.7898254,1.5390e-03
19.8148651,4.4914e-03
19.8290596,2.5310e-02
19.9051418,9.9605e-02
20.0074139,1.3179e-02
20.0326729,4.8709e-02
20.0872936,1.5059e-03
20.1041203,1.3472e-03
20.1140308,7.6919e-02
20.1947556,1.8055e-03
20.2366371,1.3323e-03
20.2431469,6.0623e-02
20.3176231,1.2068e-03
20.3859768,1.3301e-03
20.3912048,1.6339e-03
20.3961487,1.6123e-03
20.4013386,1.3425e-03
20.5647755,4.6287e-02
20.6159286,1.1771e-03
20.6324730,1.5282e-03
20.6416855,1.8037e-03
20.7158642,1.4857e-01
20.9157715,1.3623e-03
20.9212284,3.7682e-03
20.9622936,8.6089e-02
21.0596428,1.2696e-03
21.0655594,6.2930e-02
21.2442970,1.7086e-03
21.3006325,1.8351e-01
21.4884663,1.8687e-03
21.6859894,8.1366e-03
21.7611732,2.5693e-02
21.7904053,2.1495e-03
21.8365765,8.0099e-02
21.9600048,2.5137e-03
21.9875374,1.8187e-03
22.1275768,1.9656e-02
22.1965179,1.1270e-03
22.2305870,1.3840e-03
22.2651405,2.4087e-02
22.3574333,1.3711e-03
22.4135933,2.9501e-02
22.4460411,6.6403e-04
22.5190735,1.3317e-03
22.5393734,1.0861e-02
22.5624352,1.2500e-03
22.5669746,2.5377e-02
22.7169209,1.2439e-01
22.8448792,4.3712e-02
22.8927803,1.2893e-01
23.0255470,5.2471e-03
23.0754566,7.2550e-04
23.0794163,3.9993e-03
23.1794605,1.0781e-03
23.2173882,7.9466e-04
23.2342014,9.6160e-04
23.2449760,9.4468e-04
23.2530041,2.1203e-03
23.2984524,2.0419e-03
23.3043213,1.5081e-03
23.3390331,1.2289e-02
23.4356613,2.5364e-02
23.5454617,9.0599e-04
23.6027164,9.3746e-04
23.6209393,3.5504e-03
23.6277847,1.0940e-02
23.6425571,6.9565e-02
23.7607880,1.8222e-03
23.7810497,1.1912e-02
23.7991161,9.2700e-04
23.8238735,1.0362e-03
24.7887211,5.7410e-02
24.9220047,1.7326e-02
24.9431915,9.4327e-02
25.0505924,9.1656e-04
25.1192131,2.7478e-02
25.1513424,2.1392e-03
25.3037357,1.3916e-03
25.3392868,1.0191e-03
25.3450546,1.4769e-02
25.3962135,9.3145e-04
25.4269180,1.0954e-03
25.4312267,1.6083e-03
25.4584236,1.3580e-02
25.4758072,5.9078e-02
25.5465698,2.1335e-03
25.6447029,1.1431e-03
25.6620789,3.8822e-03
25.7682171,8.7632e-04
25.8849525,1.0727e-03
25.9428291,1.2847e-03
26.0061150,2.5503e-03
26.0152569,7.1142e-02
26.1261406,5.4762e-02
26.1842232,1.2736e-03
26.2056389,2.8964e-03
26.2448177,5.2859e-02
26.3038502,1.3397e-03
26.3124866,1.3249e-03
26.3172321,1.0379e-01
26.4252090,1.3902e-03
26.5546436,1.5290e-03
26.5598011,1.1482e-02
26.6334419,2.7790e-03
26.6700459,4.3031e-02
26.7176228,2.3273e-03
26.8306026,1.3629e-03
26.8373432,3.3040e-02
26.8960781,1.2737e-03
26.9346333,2.2358e-02
26.9605789,1.3668e-03
27.0968895,1.5553e-03
27.1080971,3.3615e-02
27.2165318,9.9274e-02
27.3206177,8.8166e-03
27.3340130,1.4500e-03
27.5139656,1.1801e-03
27.5818481,2.8877e-02
27.6149387,1.1001e-01
27.7383747,3.3965e-03
27.8577080,1.5427e-01
28.0562458,1.2282e-03
28.0690346,5.0819e-02
28.2248363,5.1061e-03
28.2550220,8.7590e-02
28.4221382,1.3958e-03
28.4780579,9.0706e-03
28.4917564,1.9681e-03
28.5142841,2.1940e-03
28.5258026,1.8251e-03
28.6926556,1.2845e-03
28.7021122,2.1462e-01
28.9235802,6.3849e-01
29.7035427,7.0794e-03
29.7249622,7.0660e-03
29.8506050,2.8806e-03
29.8576813,2.6159e-03
29.8649349,4.0184e-02
29.9077797,2.4068e-03
29.9394913,1.0480e-03
29.9475842,1.1779e-03
29.9526043,8.9632e-02
30.0448112,4.0842e-02
30.1569309,6.7707e-04
30.1650009,4.1636e-03
30.2896214,3.5216e-02
30.3726254,1.2765e-03
30.3763657,1.2214e-03
30.5245361,9.3190e-04
30.5390453,1.5811e-01
30.7054558,1.2129e-03
30.7293358,1.7978e-02
30.7618847,1.3068e-03
30.7820930,3.0714e-02
30.8478527,1.2264e-02
30.8889351,1.2495e-03
30.8934422,1.7230e-03
31.1447945,4.2728e-02
31.3862419,1.1474e-03
31.4361629,6.8572e-03
31.4774971,1.0260e-03
31.6484241,9.7400e-04
31.6942596,1.4812e-03
31.7091351,1.0765e-03
31.7340336,9.3590e-04
31.7753830,1.1944e-03
31.7905006,4.0337e-02
31.9891453,2.9544e-03
31.9951725,3.3620e-03
32.0286636,1.4019e-03
32.0949554,2.9188e-02
32.1432228,1.1933e-03
32.1471100,1.7731e-02
32.1680870,9.6165e-04
32.1726761,1.0148e-03
32.2051811,3.5196e-02
32.2845078,7.9124e-02
32.4631996,8.8326e-02
32.5554428,9.1015e-04
32.5623627,1.3781e-03
32.6251526,1.7040e-03
32.6553001,9.6940e-04
32.6650658,1.0331e-02
33.0991707,1.2112e-03
33.1116905,7.7060e-04
33.1872406,7.1599e-03
33.2327042,1.1888e-03
33.2657471,9.1192e-03
33.3557625,1.1875e-03
33.4030075,9.0873e-02
33.5008240,1.2589e-03
33.5311966,7.9046e-04
33.5448837,8.0156e-02
33.6595001,8.9103e-02
33.7662315,1.6140e-02
33.7854576,1.1671e-03
33.8022194,4.4660e-02
33.8505363,1.3332e-02
34.6937256,1.6753e-01
34.8794022,5.0304e-03
35.0164337,1.6508e-01
35.2448883,1.1542e-03
35.2494698,1.9927e-02
35.2721634,1.3572e-03
35.3110962,7.9663e-04
35.3150253,1.3878e-03
35.3269997,4.8509e-03
35.3408546,3.2681e-03
35.3956299,1.4253e-03
35.4156418,1.2564e-03
35.6285820,6.7726e-02
35.7621346,5.6040e-02
35.8214722,9.2344e-04
35.8261108,8.5487e-04
35.8298836,1.2790e-03
35.8343163,1.1617e-03
35.8382339,1.2422e-03
35.8454361,1.7218e-03
35.8685265,3.7647e-02
35.9245796,1.6210e-03
35.9739456,1.5316e-02
36.0517883,2.7780e-02
36.1162720,7.1328e-04
36.1548347,9.6546e-04
36.2029305,6.7428e-02
36.2920952,1.6026e-03
36.2969208,5.1971e-02
36.3518600,9.7491e-04
36.3692551,1.5575e-03
36.4491196,1.1129e-03
36.4561157,8.8277e-04
36.5044899,8.9371e-04
36.6865273,1.4756e-01
36.8611183,2.8494e-02
36.9138451,2.3652e-02
36.9539680,1.9098e-02
36.9765701,8.8858e-04
36.9937592,4.0786e-03
37.0024529,2.3788e-02
37.0286903,1.4013e-02
37.1798973,1.4335e-03
37.1838188,1.4761e-03
37.1883316,9.3141e-04
37.2084351,7.2302e-02
37.3296471,9.3605e-04
37.3625603,1.8004e-01
37.5515480,1.1968e-01
37.6775665,1.3509e-03
37.6821060,2.0177e-02
37.7708244,1.3831e-03
37.7755089,9.8715e-03
37.8820572,2.3620e-03
37.9105492,2.9235e-02
37.9864235,7.6153e-03
38.1388855,1.1227e-03
38.2484894,1.0034e-03
38.2539406,1.3012e-02
38.3027153,4.8351e-02
38.3543205,4.0716e-03
38.4618034,2.5772e-02
38.5256920,8.2842e-04
38.5691185,2.9890e-02
38.6325645,5.8776e-03
38.6803284,1.1929e-03
38.6952972,9.6469e-04
38.8366814,4.3944e-03
38.8444214,1.1939e-03
38.8484306,2.4142e-03
38.8950043,6.5874e-03
38.9044304,2.9398e-02
39.9018784,1.5181e-03
39.9777908,7.9857e-03
39.9925919,4.4188e-02
40.1089783,1.0476e-03
40.1303177,6.8892e-02
40.2163849,1.2257e-03
40.2213440,1.7083e-02
40.2770309,9.0034e-02
40.3741989,1.4777e-03
40.4096222,9.7555e-03
40.4294624,9.2054e-02
40.6368408,1.3987e-03
40.6427002,1.3330e-03
40.6479492,1.7070e-03
40.6534081,1.8010e-03
40.6690140,1.5443e-03
40.7250671,3.0791e-02
40.7603111,1.9193e-03
40.7945900,2.8351e-02
40.8561859,2.7533e-02
40.9053497,9.5071e-02
41.0038033,7.9933e-03
41.0488205,1.6488e-03
41.0692024,1.0487e-02
41.0931969,8.3182e-04
41.0990562,2.0828e-02
41.1605148,7.6478e-04
41.2547531,1.1437e-03
41.4619675,5.8944e-03
41.4720154,1.9464e-03
41.4776268,6.2696e-02
41.6275101,4.3471e-03
41.6564102,1.5053e-03
41.6669960,2.7855e-03
41.7501450,7.2096e-04
41.7546005,9.7018e-03
41.8574867,1.0778e-03
41.9604988,1.9547e-02
42.2080345,1.3438e-03
42.2148819,5.3021e-03
42.2532654,2.3670e-03
42.2690048,1.8775e-02
42.3674927,2.6964e-03
42.3741531,6.2244e-02
42.4398346,1.1719e-03
42.7435608,9.9582e-04
42.8245354,4.1564e-02
42.8787575,5.6719e-03
42.9558067,1.2188e-03
42.9603500,4.7659e-02
43.0116997,2.3819e-02
43.0995483,1.0411e-02
43.1170616,2.1929e-01
43.3393288,4.7836e-02
43.4046822,1.2960e-03
43.4737511,9.1673e-03
43.4860115,1.2613e-03
43.5280914,6.7584e-03
43.5412331,1.1084e-01
43.6667061,2.2927e-02
43.7445831,6.3453e-03
43.7670364,7.4621e-03
43.8008537,2.5666e-02
43.8330078,1.6759e-02
43.8634949,5.3722e-02
44.9349403,1.3672e-03
44.9490242,6.2147e-03
44.9754982,1.1386e-03
44.9803085,6.9697e-04
45.0332947,8.1499e-03
45.0466690,1.1500e-03
45.0597839,1.1969e-03
45.0861893,1.3892e-03
45.1001625,1.0271e-03
45.1053963,1.1520e-03
45.1114769,1.4747e-02
45.1611977,2.2166e-03
45.1974869,1.5221e-03
45.2728691,1.5407e-03
45.2781830,1.3197e-03
45.3378563,1.1572e-03
45.3433304,7.3986e-04
45.3594246,2.4096e-02
45.4199677,1.0185e-03
45.5342064,7.8073e-02
45.6420403,1.2572e-03
45.7408257,8.9670e-02
45.8537521,2.6453e-02
45.8828468,7.7324e-03
45.9074211,1.0049e-03
45.9120750,4.6889e-02
45.9622078,1.3267e-03
45.9851456,4.4843e-02
46.0363464,1.2940e-02
46.1685715,4.0652e-02
46.3316917,1.3034e-03
46.3782578,2.5735e-02
46.4544373,1.7791e-03
46.6410942,6.6558e-02
46.7745132,1.4055e-03
46.9713135,4.7966e-02
47.0241241,1.8028e-02
47.1132507,4.4842e-03
47.1867142,5.2831e-02
47.2778778,4.6645e-02
47.3410606,1.6946e-03
47.3463402,1.3551e-01
47.5715446,3.8430e-03
47.5813828,1.7005e-03
47.5910416,8.5865e-04
47.6907692,1.3248e-03
47.7264938,1.6258e-03
47.7369080,6.2261e-02
47.8039360,4.7061e-02
47.8605499,3.9866e-03
47.8838196,1.9664e-03
47.9328156,1.1244e-03
47.9886551,3.6779e-03
48.0362740,2.0097e-02
48.0591087,3.5825e-03
48.0693588,1.6870e-02
48.1126633,8.1323e-04
48.1195717,3.9527e-03
48.1427803,2.8065e-02
48.1742439,4.6853e-02
48.4210739,1.1683e-03
48.4303017,1.6321e-03
48.4345055,1.5574e-03
48.4624252,1.1460e-03
48.4927940,7.2275e-03
48.5701790,1.4983e-02
48.5980415,1.2444e-02
48.6774254,8.2085e-04
48.8005714,1.0375e-03
48.8284607,8.8212e-04
48.8321686,1.7698e-03
48.8371735,9.5434e-04
48.8417587,8.4759e-01
49.7246742,4.3738e-03
49.8369179,1.6771e-03
49.9339142,3.0308e-03
49.9582634,6.2306e-04
49.9763145,1.2025e-03
49.9955330,1.3618e-02
50.0123634,8.6899e-04
50.0876389,7.6023e-03
50.1022873,8.8262e-04
50.1200294,1.0050e-03
50.2696991,2.9084e-02
50.3970490,3.5672e-03
50.4073868,7.1023e-04
50.5139694,1.0780e-02
50.5283165,1.7028e-02
50.5696182,2.8004e-02
50.6512375,1.2147e-03
50.6745186,1.3017e-03
50.7063637,4.5932e-02
50.7550926,2.2345e-03
50.7653198,7.6625e-04
50.7866592,1.1558e-03
50.8587914,9.8837e-03
50.9149666,1.0146e-03
50.9521561,1.0546e-03
51.0218277,4.2382e-02
51.0702667,2.8942e-02
51.1025124,6.5472e-04
51.1068039,6.6717e-04
51.2470436,1.0405e-03
51.2510643,6.6116e-03
51.2668991,9.4787e-03
51.3311234,1.0331e-02
51.5435829,8.0141e-04
51.6029129,2.5365e-03
51.6161842,8.8838e-04
51.6630096,4.0631e-03
51.6751137,6.0300e-04
51.6985588,8.5859e-03
51.7100487,1.5779e-02
51.7286644,5.5778e-02
51.8134003,2.7328e-03
51.8199730,1.1371e-02
51.8339119,2.2383e-03
51.8396759,1.0197e-03
51.8733940,2.9520e-02
51.9313049,1.2802e-01
52.0636368,1.4480e-03
52.0689621,1.3771e-03
52.1290550,2.4617e-02
52.1597023,1.0544e-03
52.2707748,3.1931e-01
52.7137451,3.2983e-02
52.8455505,1.8676e-02
52.9738960,7.7943e-04
53.0634651,1.2332e-03
53.0907555,1.9922e-03
53.1353798,1.0889e-03
53.2394524,1.2433e-03
53.2442513,4.3259e-03
53.2524605,6.0007e-03
53.3432693,1.2251e-03
53.4143677,6.2169e-03
53.5032616,9.2566e-04
53.5847626,6.6251e-04
53.5887146,3.1101e-02
53.6514969,7.8021e-04
53.7054596,9.4483e-04
53.7270050,4.8675e+00
58.9752159,1.8033e-03
58.9820595,1.7652e-03
59.0128822,6.0995e-02
59.1010475,3.9790e-02
59.1441269,1.8655e-03
59.1501122,1.2819e-02
59.1826363,4.7619e-03
59.1990738,5.4592e-03
59.2111740,8.3461e-02
59.3728142,2.3450e-01
60.1579628,5.9329e-01
61.1040993,2.3106e-01
61.6411209,1.5831e-02
63.5103683,2.4032e-03
63.5452271,7.5285e-02
63.6600647,4.7197e-02
63.7142143,2.2779e-01
63.9903679,4.7098e-03
64.0081787,9.9851e-04
64.2199478,1.0489e-03
64.2296906,1.1239e-03
64.3279724,1.1048e-03
64.3340149,1.3097e-03
64.3439255,1.7201e-03
64.3570404,1.1715e-03
64.3633957,1.2839e-03
64.3950577,8.8413e-04
64.4021606,9.5431e-04
64.4136963,2.0990e-02
64.4384232,1.2091e-01
64.5801620,7.2476e-04
64.7652054,8.0346e-04
64.8021927,5.6293e-03
64.8232727,1.6083e-02
64.8430862,8.4137e-04
64.8522873,2.6277e-02
64.8866272,7.1967e-04
65.0080643,1.9649e-02
65.0439377,2.8521e-02
65.0749207,1.0881e-03
65.0786743,1.0999e-02
65.1342926,1.1969e-03
65.1403885,8.2124e-04
65.2158203,8.1752e-04
65.2390518,7.8414e-04
65.3997345,1.3243e-03
65.4077454,9.1272e-04
65.4762573,8.0702e-03
65.4872284,5.0890e-03
65.5313950,6.9059e-03
65.5418701,4.0411e-02
65.5961838,1.9222e-02
65.6195831,5.6899e-02
65.7162399,4.2163e-04
65.7541199,7.8022e-04
65.7587051,6.0966e-04
65.7756195,3.2490e-02
65.8174515,5.7059e-04
65.8236618,4.2316e-02
65.8693695,9.8658e-04
65.8740234,8.6426e-04
65.9082108,3.3200e-02
66.0754242,8.2055e-04
66.0793991,1.4660e-03
66.0843353,5.9395e-04
66.2458878,4.8801e-02
66.3632584,1.3062e-02
66.3853455,6.1692e-04
66.3892059,5.8023e-04
66.4256744,8.1531e-04
66.4664001,1.3354e-02
66.5504532,2.6239e-03
66.5622635,1.1941e-02
66.6043015,4.3917e-04
66.6073837,4.7523e-02
66.6595764,6.4611e-04
66.6677017,8.1585e-04
66.7029648,6.3768e-04
66.7073593,5.6241e-04
66.7133255,8.8851e-03
66.7922974,2.6610e-03
66.8260727,1.0845e-03
66.8547211,6.5403e-04
66.9021835,1.1879e-03
66.9063644,5.2034e-04
66.9593430,6.6481e-04
66.9682083,6.0557e-04
67.0293503,5.1902e-04
67.0331421,1.3013e-02
67.0606308,6.1114e-04
67.0642624,6.4949e-02
67.1341782,6.7201e-04
67.1378250,7.4483e-02
67.2713928,9.1291e-04
67.2910919,6.1167e-04
67.2945175,4.2541e-04
67.3453827,7.8054e-04
67.3642044,2.9626e-02
67.4205399,6.9224e-04
67.4268723,5.3831e-02
67.5319519,3.7005e-04
67.5371704,1.6857e-02
68.3051071,8.5337e-04
68.5625687,1.6820e-03
68.5789795,6.3995e-03
68.6210556,4.5648e-03
68.6449356,6.2861e-02
68.7110443,3.6511e-02
68.7982712,1.3120e-02
68.8426285,4.6962e-03
68.8745346,7.6849e-03
68.8856583,8.8943e-03
68.8990402,2.1507e-02
68.9239960,6.4172e-04
68.9325409,2.4128e-01
69.1857758,1.1766e-03
69.1929016,1.0251e-02
69.2224731,4.4901e-02
69.2750931,1.0691e-03
69.2794342,9.2393e-04
69.2981949,1.1417e-03
69.3056793,5.3343e-02
69.4942856,8.7561e-03
69.5184860,7.7317e-04
69.6406708,6.6143e-04
69.7259750,6.3290e-04
69.9057617,7.3487e-04
69.9099731,1.1171e-03
69.9169693,4.4726e-04
69.9478073,7.8688e-02
70.0356979,9.7788e-04
70.0422745,4.7792e-02
70.1232452,3.6717e-02
70.1914139,5.6256e-04
70.2169724,3.3408e-02
70.2641983,9.9933e-02
70.3771439,2.4328e-02
70.4603195,5.1659e-04
70.5008240,4.0694e-02
70.5526428,2.2172e-01
70.7780075,1.1188e-01
70.9228516,1.4706e-02
70.9906769,6.3909e-04
71.0372925,1.1998e-03
71.0456009,6.6132e-04
71.1017914,1.2060e-02
71.1174393,1.1196e-03
71.1441727,2.8577e-02
71.1818008,1.1874e-02
71.1973114,9.4933e-02
71.2959824,1.2939e-03
71.3012009,1.3597e-03
71.3489761,1.4739e-02
71.3675461,3.7870e-02
71.4112854,1.5889e-03
71.4169464,4.4545e-02
71.5327835,3.7844e-03
71.6645966,1.2446e-03
71.6708679,1.3576e-02
71.7667084,3.9220e-02
71.8107529,1.3615e-03
71.8153915,1.0885e-02
71.8296967,8.6396e-04
71.8527756,1.7229e-03
71.8823013,7.8845e-02
71.9642944,1.1256e-02
71.9839783,9.4473e-04
72.0057297,4.9289e-04
72.0569687,6.1695e-04
72.0627594,8.6468e-02
72.1534348,7.7781e-04
72.1577606,5.5057e-03
72.2014084,2.2960e-03
72.2881622,5.5107e-02
72.3662109,7.5366e-02
72.4573517,3.0333e-02
72.4911194,4.0309e-02
72.5597839,3.6875e-03
72.5683594,8.9790e-04
72.6792068,1.9468e-02
72.7018661,7.6928e-03
72.7127914,5.4117e-04
72.7410583,4.6941e-02
72.7977295,8.7465e-02
72.8994217,3.4704e-02
72.9393005,1.0711e-02
72.9775238,2.7053e-02
73.0727921,6.7198e-04
73.1934891,7.0609e-04
73.2445145,6.2848e-04
73.2494736,2.1228e-02
73.2771530,2.9868e-02
73.3099747,1.4016e-02
73.3453751,5.8494e-04
73.4073029,1.7608e-02
73.4314117,1.9214e-02
73.4550095,5.8526e-02
73.5219345,1.9331e-02
73.5542221,5.9226e-04
73.6259003,1.1635e-03
73.6330032,4.8227e-02
73.6851501,2.1881e-03
73.7731552,9.1502e-04
73.8769379,7.2173e-04
73.8860245,5.8130e-03
74.8613968,8.0937e-03
75.0037918,4.5182e-03
75.0190201,2.2057e-03
75.0534286,1.4079e-03
75.0588837,9.2877e-03
75.0783157,1.3608e-02
75.1270828,6.0927e-03
75.1366119,1.1942e-03
75.1763763,7.1411e-04
75.1803360,2.7266e-02
75.2104340,8.8835e-04
75.2144699,1.5410e-02
75.3946533,5.2492e-04
75.4485092,1.7513e-02
75.4767990,7.2664e-04
75.6155930,6.9972e-03
75.6615753,9.4893e-04
75.7059021,5.0151e-02
75.8181229,9.3202e-04
75.8537140,8.5739e-04
75.8705063,8.7042e-04
75.8743362,7.4787e-03
75.9786530,6.2130e-04
75.9824753,8.6009e-04
76.1168518,6.2103e-03
76.1264343,1.8046e-03
76.2205734,7.9721e-04
76.2281570,8.6905e-04
76.2599640,5.0671e-04
76.3744507,7.5475e-04
76.3786087,8.9106e-02
76.4941254,5.7815e-04
76.5165787,2.2346e-03
76.5430222,8.6775e-04
76.5488815,3.7716e-02
76.5895004,8.1926e-04
76.6551819,5.8133e-04
76.7286148,5.2367e-04
76.7573013,3.1784e-02
76.8056183,1.0092e-01
76.9104691,7.4527e-02
77.0734024,9.5090e-04
77.0778198,5.2503e-01
77.6341934,1.0535e-01
77.8107986,3.2135e-02
77.8497009,8.7749e-04
77.8550110,1.7926e-02
77.9282608,7.6066e-04
77.9570236,4.0671e-02
78.0096664,5.6290e-04
78.0167236,2.0108e-02
78.0401840,8.9192e-02
78.1440506,5.9924e-04
78.1478348,1.9225e-03
78.1529999,1.9553e-02
78.1780472,3.8207e-02
78.2350845,1.2871e-03
78.2390289,8.5937e-04
78.2426147,4.0204e-02
78.2883301,6.5778e-04
78.2922592,1.0801e-02
78.3089142,5.1330e-04
78.3408508,7.5753e-04
78.3475418,9.1078e-04
78.3539505,1.0439e-03
78.3934555,7.7223e-04
78.4713745,2.5733e-03
78.4772263,1.2008e-03
78.4845505,2.3932e-03
78.4921417,9.0138e-04
78.5209351,7.4397e-04
78.5574188,5.4258e-04
78.5618515,1.0132e-03
78.5684967,4.5070e-04
78.5770798,8.6881e-04
78.5862045,9.6352e-04
78.5932770,1.7072e-03
78.5980530,1.0105e-02
78.6423264,7.2468e-04
78.6531830,2.6727e-02
78.6863556,2.2174e-02
78.7117004,4.4291e-04
78.7146606,1.0567e-03
78.9047699,6.4699e-04
78.9185638,5.9466e-04
78.9220581,5.1052e-03
78.9309921,1.0560e-03
78.9361267,1.8420e-03
78.9446030,7.4324e-04
78.9480591,2.1355e-03
78.9528122,1.9171e-03
78.9628067,4.6169e-04
78.9671783,2.5925e-03
78.9722061,8.5861e-04
78.9757309,1.6185e-02
78.9957809,1.0055e-03
79.0006409,4.1012e-04
79.0047455,8.1479e-03
79.0146942,3.2530e-03
79.0209808,1.0792e-03
79.0610657,3.8785e-04
79.0666733,1.8353e-03
79.0737686,3.8823e-04
79.0790863,3.8437e-04
79.0818329,2.7886e-03
79.0873337,2.4053e-04
79.0950470,3.3167e-04
79.0992508,4.6446e-04
79.1058807,4.0958e-04
79.1083069,3.7739e-04
79.1106415,3.3335e-04
79.1166382,4.0904e-04
79.1186523,2.9652e-04
79.1246262,3.1510e-04
79.1302490,5.3322e-04
79.1328049,3.1917e-04
79.1354141,3.5437e-04
79.1381607,6.8390e-04
79.1411285,4.5419e-04
