time,runtime
0.0000036,1.9785e-03
0.0019858,4.1285e-03
0.0061179,8.3011e-03
0.0144226,7.5125e-03
0.0219387,1.5530e-03
0.0234945,1.8137e-03
0.0253108,1.4856e-03
0.0267999,1.2220e-02
0.0390236,5.3016e-03
0.0443288,1.4618e-03
0.0457942,5.0733e-03
0.0508712,1.1084e-02
0.0619584,9.4276e-04
0.0629041,1.2616e-03
0.0641681,9.7593e-03
0.0739311,2.0967e-03
0.0760314,3.3747e-03
0.0794098,1.1013e-03
0.0805149,1.1251e-02
0.0917697,1.1394e-02
0.1031674,8.8607e-03
0.1120317,8.0722e-03
0.1201075,1.5785e-02
0.1358965,1.8208e-02
0.1541085,1.1159e-02
0.1652708,1.7498e-03
0.1670241,2.3924e-02
0.1909515,1.3671e-03
0.1923224,1.5340e-03
0.1938600,1.8682e-02
0.2125461,1.5553e-03
0.2141042,1.5241e-02
0.2293486,1.2711e-02
0.2420631,1.5383e-02
0.2574498,1.0198e-03
0.2584732,1.8792e-02
0.2772693,1.6617e-02
0.2938896,9.3625e-04
0.2948287,2.3510e-02
0.3183423,1.4735e-03
0.3198194,2.7412e-02
0.3472351,4.3972e-01
0.7869633,1.1018e-01
0.8971473,1.1221e-01
1.0093628,2.3059e-03
1.0116724,1.5150e-03
1.0131911,1.3250e-03
1.0145200,2.7034e-03
1.0172271,1.8839e-03
1.0191146,1.5188e-03
1.0206372,1.7154e-03
1.0223562,1.4964e-03
1.0238563,6.0123e-03
1.0298723,2.2537e-01
1.2552547,1.9746e-03
1.2572331,2.4074e-02
1.2813113,1.3708e-03
1.2826853,1.6770e-03
1.2843649,1.5645e-03
1.2859322,1.6331e-03
1.2875680,3.0851e-03
1.2906563,1.5578e-03
1.2922165,1.3578e-03
1.2935772,1.5108e-03
1.2950907,1.7429e-03
1.2968363,1.0888e-03
1.2979276,1.6379e-03
1.2995682,1.5715e-03
1.3011422,1.8283e-03
1.3029730,1.4213e-03
1.3043969,1.7668e-03
1.3061664,1.6154e-03
1.3077846,1.5903e-03
1.3093774,1.7458e-03
1.3111259,3.0243e-03
1.3141528,1.6069e-03
1.3157623,1.2237e-03
1.3169885,1.5140e-03
1.3185050,4.7395e-03
1.3232471,1.0945e-03
1.3243443,1.4717e-03
1.3258187,1.5108e-03
1.3273320,3.6795e-03
1.3310143,9.0838e-03
1.3401009,1.5712e-03
1.3416752,1.7335e-03
1.3434114,1.4727e-03
1.3448871,1.1046e-03
1.3459945,1.7766e-03
1.3477743,2.8507e-03
1.3506279,1.0143e-03
1.3516451,1.4213e-03
1.3530691,1.0344e-03
1.3541061,1.2856e-03
1.3553945,1.5648e-03
1.3569622,1.3187e-03
1.3582838,1.0523e-03
1.3593389,1.0935e-03
1.3604352,6.4334e-03
1.3668727,1.2843e-03
1.3681597,1.3481e-03
1.3695108,2.1746e-03
1.3716884,2.4988e-03
1.3741902,1.9068e-03
1.3760996,2.4409e-03
1.3785435,1.5773e-03
1.3801236,5.1861e-03
1.3853128,1.4082e-03
1.3867234,1.0157e-03
1.3877418,1.8212e-03
1.3895658,1.6074e-03
1.3911762,1.7014e-03
1.3928804,1.5956e-03
1.3944792,7.9793e-03
1.4024614,1.0185e-02
1.4126493,1.1924e-03
1.4138440,3.6983e-03
1.4175451,1.0743e-03
1.4186220,2.5049e-02
1.4436746,2.0839e-03
1.4457614,1.8963e-03
1.4476607,1.4819e-03
1.4491452,1.4881e-02
1.4640286,1.2279e-03
1.4652591,1.7438e-03
1.4670055,1.2325e-03
1.4682406,1.8051e-03
1.4700480,8.8245e-04
1.4709332,2.0672e-03
1.4730033,1.0544e-03
1.4740604,9.9626e-04
1.4750592,1.2455e-03
1.4763075,1.7795e-03
1.4780898,1.3990e-03
1.4794916,1.9267e-03
1.4814210,1.7002e-03
1.4831238,3.8830e-03
1.4870096,1.8947e-03
1.4889070,1.0032e-03
1.4899127,1.8048e-03
1.4917203,1.8751e-03
1.4935981,2.3149e-03
1.4959155,7.7165e-03
1.5036348,1.9085e-03
1.5055460,2.1050e-03
1.5076536,4.8184e-03
1.5124749,1.1538e-02
1.5240154,1.5853e-03
1.5256035,1.3391e-03
1.5269452,1.9022e-03
1.5288516,1.2439e-03
1.5300981,1.7606e-03
1.5318617,1.4609e-03
1.5333275,2.7369e-03
1.5360671,1.9167e-03
1.5379866,1.7947e-03
1.5397860,1.6137e-03
1.5414034,1.9009e-03
1.5433066,2.1457e-03
1.5454553,1.5332e-03
1.5469912,1.8490e-03
1.5488431,1.6907e-03
1.5505366,2.0301e-03
1.5525696,2.2042e-03
1.5547765,1.8200e-03
1.5565994,2.0409e-03
1.5586436,1.1052e-03
1.5597519,1.6762e-03
1.5614305,2.0705e-03
1.5635037,2.1265e-03
1.5656329,1.6139e-03
1.5672493,1.9566e-03
1.5692084,2.2065e-03
1.5714179,1.8000e-03
1.5732205,1.1478e-03
1.5743711,1.5337e-03
1.5759073,4.3953e-03
1.5803057,1.9867e-03
1.5822952,1.6114e-02
1.5984125,3.5610e-03
1.6019781,1.9958e-03
1.6039770,3.7678e-03
1.6077477,1.3674e-03
1.6091186,1.9930e-03
1.6111152,2.0749e-03
1.6131932,1.9129e-03
1.6151090,1.7369e-03
1.6168487,2.3678e-03
1.6192193,1.7126e-03
1.6209368,2.0424e-03
1.6229823,2.1187e-03
1.6251032,2.1743e-03
1.6272807,2.3400e-03
1.6296254,2.2729e-03
1.6319033,1.8593e-03
1.6337651,1.8741e-03
1.6356443,1.4613e-03
1.6371084,1.2802e-03
1.6383913,1.8950e-03
1.6402911,1.3052e-03
1.6415991,1.5734e-03
1.6431751,2.5162e-02
1.6683420,1.8975e-03
1.6702422,1.8310e-03
1.6720759,1.0717e-03
1.6731503,7.0798e-03
1.6802330,1.6367e-03
1.6818725,1.3225e-03
1.6831979,1.3036e-03
1.6845043,1.8031e-03
1.6863102,2.0783e-03
1.6883911,1.6565e-03
1.6900522,1.9193e-03
1.6919744,2.0158e-03
1.6939944,1.4458e-03
1.6954428,1.7839e-03
1.6972295,1.7578e-03
1.6989900,1.9347e-03
1.7009293,1.7427e-03
1.7026770,2.6594e-03
1.7053390,2.2945e-03
1.7076359,1.6918e-02
1.7245585,1.9405e-03
1.7265019,1.7285e-03
1.7282350,1.4953e-03
1.7297326,2.2393e-03
1.7319769,1.1142e-03
1.7330937,1.9200e-03
1.7350179,2.0075e-03
1.7370279,1.1571e-03
1.7381878,2.0499e-03
1.7402407,9.7005e-04
1.7412137,1.6033e-03
1.7428212,5.3976e-03
1.7482239,1.9459e-03
1.7501746,1.8143e-03
1.7519939,1.8898e-03
1.7538885,3.6368e-03
1.7575283,2.8983e-03
1.7604297,2.0388e-03
1.7624717,1.9167e-03
1.7643915,1.5412e-03
1.7659372,1.5348e-03
1.7674760,1.9088e-03
1.7693874,1.8986e-03
1.7712909,1.9056e-03
1.7731994,1.8320e-03
1.7750344,1.2182e-03
1.7762569,1.7269e-03
1.7779862,1.5909e-03
1.7795820,1.4735e-03
1.7810591,5.7228e-03
1.7867845,3.9792e-03
1.7907667,2.2494e-03
1.7930212,2.0769e-03
1.7951027,1.2858e-03
1.7963933,2.0916e-03
1.7984898,1.9330e-03
1.8004280,3.7667e-03
1.8041993,1.9126e-03
1.8061166,1.9449e-03
1.8080662,2.0225e-03
1.8100919,1.9038e-03
1.8119990,1.5266e-03
1.8135285,1.4960e-03
1.8150288,1.7148e-03
1.8167484,1.6240e-03
1.8183757,5.9767e-03
1.8243556,5.5510e-03
1.8299100,1.6189e-03
1.8315321,1.8553e-03
1.8333926,2.3478e-03
1.8357458,1.8668e-03
1.8376176,9.0255e-03
1.8466493,3.1986e-03
1.8498516,2.5543e-02
1.8753979,3.5810e-03
1.8789816,1.1686e-03
1.8801550,1.9185e-03
1.8820773,1.6578e-02
1.8986577,1.5841e-03
1.9002444,1.2798e-03
1.9015272,3.2939e-03
1.9048259,2.2321e-03
1.9070613,1.9298e-03
1.9089944,2.2548e-03
1.9112537,2.5455e-03
1.9138043,1.8532e-03
1.9156606,1.9677e-03
1.9176317,8.3463e-03
1.9259834,1.8775e-03
1.9278641,2.7029e-03
1.9305706,2.6304e-03
1.9332043,9.6110e-03
1.9428227,1.8464e-02
1.9612945,9.1200e-03
1.9704195,5.6601e-03
1.9760829,3.3576e-03
1.9794434,2.1973e-02
2.0014212,1.7912e-03
2.0032153,1.4060e-03
2.0046253,5.4547e-03
2.0100842,5.4328e-02
2.0644162,4.4850e-02
2.1092703,3.0008e-03
2.1122758,1.7431e-02
2.1297104,2.4266e-03
2.1321404,2.1384e-02
2.1535282,2.8607e-03
2.1563923,3.1861e-03
2.1595814,2.2255e-03
2.1618102,2.2491e-03
2.1640639,2.1440e-03
2.1662126,3.6824e-03
2.1698987,2.1885e-03
2.1720917,1.2768e-03
2.1733716,1.4091e-03
2.1747854,3.4451e-02
2.2092404,2.2560e-02
2.2318053,1.9102e-03
2.2337189,1.6077e-03
2.2353292,6.4107e-02
2.2994399,8.0844e-03
2.3075283,1.6641e-03
2.3091953,6.0924e-02
2.3701227,1.9178e-03
2.3720431,1.9622e-03
2.3740077,2.0676e-03
2.3760779,2.1263e-03
2.3782067,1.7920e-03
2.3800011,1.8417e-03
2.3818457,4.6863e-03
2.3865352,2.5166e-02
2.4117038,2.1970e-03
2.4139032,1.3135e-03
2.4152191,1.6774e-03
2.4168990,1.9730e-03
2.4188745,1.3563e-03
2.4202330,2.0173e-03
2.4222529,2.7675e-03
2.4250231,3.2518e-03
2.4282777,2.2915e-03
2.4305716,2.7396e-03
2.4333136,2.4244e-03
2.4357405,1.8828e-03
2.4376256,1.7254e-03
2.4393535,2.2638e-03
2.4416196,2.5322e-03
2.4441543,2.2697e-03
2.4464266,1.2990e-03
2.4477279,1.6911e-03
2.4494216,5.7849e-03
2.4552090,1.9122e-03
2.4571238,1.7722e-03
2.4588983,1.7133e-03
2.4606142,2.2083e-03
2.4628248,1.9285e-03
2.4647558,1.9034e-03
2.4666617,2.1407e-03
2.4688048,1.0113e-03
2.4698186,2.0622e-03
2.4718833,1.9976e-03
2.4738834,1.8655e-03
2.4757514,1.4081e-03
2.4771621,1.8515e-03
2.4790161,1.9860e-03
2.4810045,1.5561e-03
2.4825630,1.1953e-02
2.4945183,2.5944e-03
2.4971154,1.3172e-03
2.4984350,1.1995e-03
2.4996371,2.2909e-03
2.5019305,2.0550e-03
2.5039880,1.8608e-03
2.5058515,5.2803e-03
2.5111341,2.2215e-01
2.7332838,1.8328e-03
2.7351198,3.8000e-03
2.7389231,1.8362e-03
2.7407622,1.4191e-02
2.7549577,7.0879e-02
2.8258407,2.3050e-03
2.8281496,3.8825e-02
2.8669786,1.6653e-03
2.8686478,1.2599e-02
2.8812540,2.4227e-03
2.8836834,5.3610e-02
2.9372976,5.0218e-02
2.9875197,1.5193e-03
2.9890423,1.7574e-03
2.9908059,1.6712e-03
2.9924808,2.4374e-03
2.9949207,1.2242e-03
2.9961476,2.8078e-03
2.9989612,1.9569e-03
3.0009212,1.9126e-03
3.0028369,4.0659e-02
3.0434997,1.7557e-01
3.2190745,2.0679e-02
3.2397573,1.3670e-03
3.2411275,2.0325e-03
3.2431638,2.0086e-03
3.2451754,1.6406e-03
3.2468190,2.0583e-03
3.2488813,2.8070e-03
3.2516928,2.2627e-03
3.2539594,1.2961e-02
3.2669249,5.6581e-02
3.3235092,1.7962e-03
3.3253086,2.6078e-02
3.3513908,2.0267e-02
3.3716619,2.1216e-03
3.3737867,8.7742e-02
3.4615316,1.6255e-03
3.4631598,9.9746e-04
3.4641597,1.0084e-03
3.4651701,2.0292e-03
3.4672017,2.1216e-03
3.4693258,1.5734e-03
3.4709015,1.8689e-03
3.4727728,3.3315e-03
3.4761069,1.7622e-03
3.4778717,2.1666e-03
3.4800413,1.2482e-03
3.4812925,3.3227e-03
3.4846196,2.1005e-03
3.4867239,1.5109e-03
3.4882379,1.1397e-03
3.4893804,1.7018e-03
3.4910848,1.6785e-03
3.4927661,1.6482e-02
3.5092523,1.9280e-03
3.5111833,1.1636e-03
3.5123496,1.8467e-03
3.5141988,1.8250e-03
3.5160263,1.7523e-03
3.5177810,2.3331e-03
3.5201166,1.9452e-02
3.5395725,1.3600e-02
3.5531762,1.0963e-03
3.5542753,2.6240e-02
3.5805192,2.1099e-03
3.5826335,2.0533e-03
3.5846915,2.0432e-03
3.5867386,1.9518e-02
3.6062605,2.2883e-03
3.6085520,1.3727e-02
3.6222813,6.9521e-01
4.3174939,2.2502e-03
4.3197484,1.2176e-02
4.3319283,2.5398e-02
4.3573298,1.0201e-01
4.4593449,9.9693e-01
5.4562764,2.3719e-03
5.4586539,2.3014e-03
5.4609590,2.4279e-03
5.4633899,2.1321e-03
5.4655266,4.8097e-03
5.4703393,2.1062e-03
5.4724507,2.2177e-03
5.4746733,1.1719e-02
5.4863954,4.6175e-03
5.4910159,2.2420e-03
5.4932618,7.9643e-02
5.5729117,1.4316e-03
5.5743465,1.1565e-02
5.5859146,1.1846e-02
5.5977640,1.9775e-03
5.5997448,2.2815e-03
5.6020293,2.4654e-03
5.6044984,2.1698e-03
5.6066713,1.7468e-03
5.6084208,1.6864e-03
5.6101103,6.7995e-02
5.6781096,2.1254e-03
5.6802406,1.5422e-02
5.6956668,2.0524e-03
5.6977234,9.4752e-02
5.7924795,3.4312e-03
5.7959161,1.4580e-02
5.8105006,5.6577e-03
5.8161616,1.0849e-01
5.9246545,4.7420e-02
5.9720783,1.4435e-03
5.9735255,2.3212e-02
5.9967418,1.3795e-03
5.9981251,2.0585e-03
6.0001874,1.7981e-03
6.0019898,3.9025e-02
6.0410194,2.6533e-03
6.0436773,5.0770e-03
6.0487580,2.0618e-03
6.0508242,1.9712e-03
6.0527992,2.0736e-03
6.0548763,1.1231e-03
6.0560031,3.5184e-02
6.0911913,1.6372e-03
6.0928326,3.9921e-03
6.0968289,1.2912e-03
6.0981236,9.0115e-02
6.1882429,1.8212e-03
6.1900678,2.2256e-03
6.1922970,1.5499e-03
6.1938505,1.7812e-03
6.1956348,1.6608e-03
6.1972990,2.0766e-03
6.1993794,7.4941e-03
6.2068772,1.8023e-03
6.2086835,1.6523e-03
6.2103391,2.4630e-02
6.2349734,2.7485e-03
6.2377257,1.0907e-03
6.2388201,1.9041e-03
6.2407279,2.3878e-03
6.2431192,3.5799e-02
6.2789226,3.3283e-03
6.2822537,6.6108e-02
6.3483658,6.5528e+00
12.9011812,1.2532e-02
12.9137163,1.3769e-02
12.9274893,1.2749e-02
12.9402418,8.6662e-02
13.0269079,5.4960e-02
13.0818710,8.8134e-03
13.0906878,7.4372e-03
13.0981274,6.7938e-03
13.1049232,5.6910e-03
13.1106176,4.5732e-03
13.1151934,1.7173e-02
13.1323690,1.0600e-01
13.2383718,1.0278e-02
13.2486544,1.4775e-03
13.2501354,1.5774e-03
13.2517147,1.4276e-03
13.2531462,1.9362e-02
13.2725124,2.5888e-02
13.2984037,1.3538e-01
13.4337854,1.9386e-03
13.4357281,2.0283e-01
13.6385603,1.1448e-02
13.6500120,2.1037e-01
13.8603811,3.7289e-02
13.8976727,5.7509e-03
13.9034271,1.6457e-03
13.9050770,7.6781e-04
13.9058475,8.2815e-03
13.9141321,7.0851e-03
13.9212208,1.3836e-03
13.9226074,2.4064e-02
13.9466743,2.5707e-02
13.9723854,2.7008e-03
13.9750891,2.1350e-03
13.9772282,1.3263e-03
13.9785585,1.1696e-03
13.9797297,3.5261e-02
14.0149946,1.2435e-02
14.0274334,2.1467e-03
14.0295830,1.5045e-02
14.0446320,2.6091e-02
14.0707273,1.7165e-03
14.0724497,1.1693e-03
14.0736227,1.7792e-03
14.0754051,2.3820e-02
14.0992289,4.4182e-02
14.1434145,1.1394e-02
14.1548128,1.1164e-03
14.1559315,1.4778e-03
14.1574125,1.4939e-02
14.1723557,3.5188e-02
14.2075472,1.9649e-02
14.2272005,1.6415e-01
14.3913555,1.8082e-02
14.4094410,1.3867e-03
14.4108305,1.8627e-03
14.4126968,1.2518e-02
14.4252186,1.8053e-02
14.4432745,2.0073e-02
14.4633512,2.8034e-02
14.4913883,9.4422e-03
14.5008345,6.7620e-01
15.1770372,7.8270e-03
15.1848688,6.7865e-03
15.1916590,6.8582e-03
15.1985207,7.2384e-03
15.2057629,7.2183e-03
15.2129850,8.3888e-03
15.2213774,8.3433e-03
15.2297239,6.8965e-03
15.2366238,6.6523e-03
15.2432795,6.4142e-03
15.2496967,6.4467e-03
15.2561464,6.5641e-03
15.2627134,7.4404e-02
15.3371210,1.4894e-03
15.3386145,1.1712e-02
15.3503304,1.5995e-02
15.3663292,2.5046e-02
15.3913794,2.0992e-03
15.3934822,2.0956e-02
15.4144430,1.2204e-02
15.4266510,1.5215e-03
15.4281759,2.2717e-03
15.4304514,1.8312e-02
15.4487667,1.2335e-03
15.4500046,1.5910e-03
15.4515991,1.0866e-03
15.4526882,2.0976e-03
15.4547901,2.5747e-02
15.4805403,1.2099e-02
15.4926434,1.4345e-03
15.4940815,2.0028e-02
15.5141125,1.5599e-03
15.5156765,1.1274e-03
15.5168076,2.2727e-02
15.5395374,1.3845e-02
15.5533867,2.2914e-02
15.5763044,1.2233e-02
15.5885420,1.7820e-02
15.6063652,1.8733e-02
15.6251020,1.6933e-03
15.6268015,1.7530e-03
15.6285601,9.9978e-03
15.6385612,7.3388e-04
15.6392984,1.0328e-03
15.6403351,1.0990e-03
15.6414375,1.1003e-03
15.6425400,1.0363e-03
15.6435795,1.6636e-03
15.6452465,2.3922e-03
15.6476421,1.9045e-03
15.6495504,8.4306e-04
15.6503963,1.7760e-02
15.6681604,1.0389e-02
15.6785526,1.3241e-03
15.6798792,3.7072e-02
15.7169552,1.3199e-03
15.7182789,1.4057e-03
15.7196884,1.5724e-02
15.7354164,5.1158e-02
15.7865782,3.0848e-02
15.8174314,1.5392e-01
15.9713507,1.4352e-03
15.9727907,3.5078e-01
16.3235722,3.1240e-02
16.3548164,3.1944e-02
16.3867645,1.1347e-03
16.3879013,1.2256e-03
16.3891296,9.1801e-04
16.3900509,2.7050e-03
16.3927593,1.5896e-03
16.3943520,1.0904e-03
16.3954468,1.5717e-03
16.3970203,1.3906e-03
16.3984146,1.1631e-03
16.3995838,1.0439e-03
16.4006310,1.8859e-03
16.4025211,3.6515e-02
16.4390392,1.1448e-03
16.4401875,5.7628e-02
16.4978199,1.1613e-02
16.5094357,6.6623e-02
16.5760632,9.7492e-04
16.5770397,8.4377e-04
16.5778885,1.6749e-02
16.5946426,9.0286e-02
16.6849327,2.1573e-03
16.6870937,1.7821e-03
16.6888790,1.8016e-03
16.6906834,1.2767e-03
16.6919651,1.5696e-02
16.7076683,1.2747e-03
16.7089462,5.8282e-03
16.7147789,2.0218e-03
16.7168064,1.6584e-03
16.7184677,6.0232e-03
16.7244949,1.1239e-01
16.8368931,1.9979e-02
16.8568764,1.7018e-03
16.8585815,1.7166e-03
16.8603020,3.3813e-03
16.8636875,1.4342e-03
16.8651333,9.8325e-04
16.8661194,4.5337e-03
16.8706589,2.0666e-03
16.8727283,1.2973e-03
16.8740292,2.5107e-03
16.8765450,2.6789e-03
16.8792267,1.4669e-03
16.8806953,1.0921e-03
16.8817921,1.5155e-03
16.8833103,1.5215e-03
16.8848343,1.3970e-03
16.8862362,1.6637e-03
16.8879032,9.6466e-04
16.8888702,1.4854e-03
16.8903580,6.0272e-03
16.8963890,1.7012e-03
16.8980923,1.3260e-03
16.8994217,1.4558e-03
16.9008808,1.8967e-03
16.9027824,9.5910e-04
16.9037457,3.0011e-03
16.9067497,6.6640e-03
16.9134178,1.0467e-03
16.9144688,1.6677e-03
16.9161396,1.3205e-03
16.9174633,1.2056e-03
16.9186707,1.9314e-03
16.9206047,6.6335e-04
16.9212704,1.1732e-03
16.9224472,1.2014e-03
16.9236526,9.6236e-04
16.9246178,1.0403e-03
16.9256630,1.2366e-03
16.9269009,1.4121e-03
16.9283161,2.0785e-03
16.9303989,2.3033e-03
16.9327049,1.1059e-03
16.9338169,1.2801e-03
16.9351006,2.6170e-03
16.9377213,1.8372e-03
16.9395618,1.3144e-03
16.9408798,2.5934e-03
16.9434757,8.1158e-03
16.9515953,1.5047e-03
16.9531040,1.8794e-03
16.9549885,1.8615e-03
16.9568539,9.4802e-04
16.9578056,1.4732e-03
16.9592838,1.5307e-03
16.9608173,1.5133e-03
16.9623337,1.0659e-03
16.9634018,9.0940e-04
16.9643135,1.5017e-03
16.9658184,1.4627e-03
16.9672832,2.1379e-03
16.9694271,1.3054e-03
16.9707375,1.4845e-03
16.9722233,1.3620e-03
16.9735909,1.4323e-03
16.9750271,2.2062e-03
16.9772377,5.0476e-03
16.9822884,1.7754e-03
16.9840660,1.6660e-01
17.1506710,1.1031e-01
17.2609901,2.4365e-03
17.2634296,2.8105e-01
17.5444927,1.4534e-03
17.5459480,1.4179e-03
17.5473747,1.5007e-03
17.5488777,6.7696e-03
17.5556526,5.2035e-03
17.5608597,2.2963e-03
17.5631638,7.6155e-03
17.5707874,1.6186e-03
17.5724106,1.6582e-03
17.5740719,2.1001e-03
17.5761757,1.9823e-03
17.5781612,1.3509e-03
17.5795174,2.0084e-03
17.5815277,1.6550e-03
17.5831852,2.3183e-03
17.5855064,1.6622e-03
17.5871716,2.4392e-02
17.6115704,2.2642e-02
17.6342163,2.0507e-03
17.6362705,2.1835e-03
17.6384563,1.8534e-03
17.6403122,1.5221e-03
17.6418362,2.0453e-03
17.6438866,1.3104e-03
17.6451988,2.1687e-03
17.6473713,1.8806e-03
17.6492538,6.0964e-03
17.6553535,1.3855e-03
17.6567402,6.0201e-03
17.6627636,2.2657e-03
17.6650314,1.7337e-03
17.6667671,2.2232e-03
17.6689930,1.9063e-03
17.6709023,4.3801e-02
17.7147064,1.3776e-03
17.7160873,1.2743e-03
17.7173634,2.1464e-03
17.7195129,1.5192e-03
17.7210350,1.9396e-03
17.7229786,2.3509e-03
17.7253323,2.5517e-03
17.7278881,1.5789e-02
17.7436810,2.1963e-03
17.7458820,1.9208e-03
17.7478065,2.1748e-03
17.7499886,1.2348e-02
17.7623405,7.3982e-02
17.8363266,1.8648e-03
17.8381958,3.7799e-03
17.8419781,1.9901e-03
17.8439732,2.0235e-03
17.8460026,1.9783e-03
17.8479862,2.0027e-03
17.8499928,1.8349e-03
17.8518333,2.1295e-03
17.8539658,5.1041e-02
17.9050102,1.0970e-01
18.0147171,6.4563e-03
18.0211773,2.5463e-03
18.0237274,2.0307e-03
18.0257626,1.4473e-03
18.0272141,4.5813e-02
18.0730305,2.2528e-03
18.0752869,2.7575e-03
18.0780487,8.1709e-02
18.1597652,1.9459e-03
18.1617126,3.7035e-02
18.1987514,4.3142e-02
18.2418976,1.9686e-02
18.2615852,2.2274e-03
18.2638168,2.0080e-03
18.2658291,1.1042e-03
18.2669373,1.0527e-01
18.3722134,1.3346e-03
18.3735504,1.9067e-03
18.3754597,2.0377e-03
18.3775005,1.9577e-03
18.3794613,6.2976e-03
18.3857613,1.4307e-03
18.3871956,1.3147e-03
18.3885117,2.7381e-03
18.3912525,1.9076e-03
18.3931637,2.0378e-03
18.3952045,1.5528e-03
18.3967590,2.6919e-02
18.4236813,2.8065e-03
18.4264908,2.2953e-03
18.4287891,3.9239e-02
18.4680309,6.4972e-02
18.5330067,2.2213e-02
18.5552254,1.2590e-03
18.5564880,1.6180e-03
18.5581093,4.7490e-02
18.6056023,7.4107e-03
18.6130180,1.3992e-03
18.6144218,1.4888e-03
18.6159134,4.4853e-03
18.6204014,2.3366e-03
18.6227436,2.0827e-03
18.6248283,2.1557e-03
18.6269875,3.7712e-02
18.6647053,1.3942e-03
18.6661015,5.6407e-02
18.7225132,1.3237e-02
18.7357540,8.2621e-02
18.8183784,3.6249e-03
18.8220081,1.1001e-01
18.9320240,1.9194e-03
18.9339504,3.4844e-02
18.9687996,2.0362e-03
18.9708405,4.2714e-03
18.9751167,2.1978e-01
19.1949024,1.9830e-03
19.1968899,2.6677e-02
19.2235699,2.5842e-03
19.2261581,2.0131e-03
19.2281761,1.0316e-01
19.3313389,4.1333e-02
19.3726749,2.0466e-03
19.3747234,1.9765e-03
19.3767033,2.0697e-03
19.3787746,1.9943e-03
19.3807716,1.8617e-03
19.3826370,1.5461e-03
19.3841858,1.2427e-02
19.3966141,1.3769e-03
19.3979950,1.8877e-02
19.4168758,1.8187e-03
19.4186954,2.2441e-03
19.4209442,1.2212e-03
19.4221687,1.8478e-03
19.4240208,1.9622e-03
19.4259872,1.3881e-03
19.4273796,1.6891e-02
19.4442749,1.7343e-02
19.4616222,2.7537e-02
19.4891624,9.1480e-01
20.4039707,1.8511e-01
20.5890923,1.1400e-02
20.6004963,7.8598e-03
20.6083584,1.1823e-02
20.6201839,1.5770e-02
20.6359558,1.0469e-02
20.6464272,8.0410e-03
20.6544704,7.0539e-03
20.6615276,7.1754e-03
20.6687050,7.0503e-03
20.6757584,6.6735e-03
20.6824341,1.5331e-02
20.6977673,6.9745e-03
20.7047443,6.8943e-03
20.7116413,9.2167e-03
20.7208614,1.0080e-02
20.7309418,8.3942e-03
20.7393398,6.1339e-03
20.7454758,1.0864e-02
20.7563419,9.3829e-03
20.7657280,7.4063e-03
20.7731361,2.4424e-01
21.0173759,8.5798e-03
21.0259590,5.8308e-03
21.0317917,2.3013e-03
21.0340958,7.2900e-03
21.0413895,6.6841e-03
21.0480766,5.8522e-02
21.1066017,4.6899e-03
21.1112957,1.3439e-03
21.1126404,1.0371e-02
21.1230145,1.3499e-03
21.1243668,2.0262e-03
21.1263962,1.2154e-02
21.1385517,3.4796e-03
21.1420345,1.5305e-02
21.1573410,1.3583e-03
21.1587029,1.5513e-02
21.1742172,1.8758e-03
21.1760960,6.1984e-03
21.1822968,1.3554e-03
21.1836548,5.1029e-04
21.1841679,6.9713e-03
21.1911411,1.6408e-03
21.1927834,2.4180e-03
21.1952038,1.5263e-03
21.1967335,1.2879e-03
21.1980228,1.5001e-03
21.1995258,7.9442e-03
21.2074718,1.7985e-03
21.2092724,1.5258e-03
21.2108002,5.5191e-03
21.2163219,1.4153e-03
21.2177391,1.6984e-03
21.2194405,3.6707e-03
21.2231140,1.2653e-03
21.2243805,3.1043e-03
21.2274876,1.5134e-03
21.2290039,1.7635e-03
21.2307682,1.1986e-03
21.2319698,1.6553e-03
21.2336273,2.2341e-03
21.2358646,1.1369e-03
21.2370033,1.7460e-03
21.2387505,1.0476e-03
21.2398014,1.1250e-03
21.2409286,1.6080e-03
21.2425385,9.9536e-04
21.2435360,1.2014e-03
21.2447395,1.1691e-03
21.2459106,1.8586e-03
21.2477722,1.5472e-03
21.2493210,8.9683e-04
21.2502193,2.1295e-03
21.2523518,1.3698e-03
21.2537231,1.7512e-03
21.2554779,2.1063e-03
21.2575855,1.2535e-03
21.2588406,1.2115e-03
21.2600555,1.6028e-03
21.2616596,2.5347e-03
21.2641964,3.4167e-03
21.2676163,1.6814e-03
21.2693043,9.7795e-04
21.2702847,1.6623e-03
21.2719498,1.6654e-03
21.2736168,1.2287e-03
21.2748470,1.5500e-03
21.2763996,1.7863e-02
21.2942657,3.2565e-03
21.2975235,8.9345e-04
21.2984200,3.6157e-03
21.3020382,1.8094e-03
21.3038502,2.1007e-03
21.3059521,2.0981e-03
21.3080521,1.7211e-03
21.3097763,1.2430e-03
21.3110218,1.5923e-03
21.3126163,9.3887e-04
21.3135567,1.5389e-03
21.3150978,1.9736e-03
21.3170738,1.6470e-03
21.3187218,1.7899e-03
21.3205147,1.4597e-03
21.3219757,6.2444e-03
21.3282223,1.3424e-03
21.3295670,1.5362e-03
21.3311062,2.5178e-03
21.3336258,1.8807e-03
21.3355083,1.6437e-03
21.3371544,1.5894e-03
21.3387470,2.0909e-03
21.3408394,1.2582e-02
21.3534241,1.1433e-03
21.3545704,1.4146e-03
21.3559875,1.6628e-03
21.3576527,5.9615e-03
21.3636169,1.6050e-03
21.3652229,1.9836e-02
21.3850613,1.5811e-03
21.3866444,2.2161e-03
21.3888626,1.1603e-03
21.3900261,2.8032e-03
21.3928318,1.7940e-03
21.3946285,2.6950e-03
21.3973255,1.3135e-03
21.3986416,1.0696e-03
21.3997135,1.3958e-03
21.4011097,1.6238e-03
21.4027367,8.3633e-04
21.4035759,1.4630e-03
21.4050407,1.1982e-03
21.4062405,1.8119e-02
21.4243622,1.6044e-03
21.4259682,1.5321e-03
21.4275036,1.6224e-03
21.4291267,1.3445e-02
21.4425755,2.1169e-03
21.4446945,1.1157e-03
21.4458122,1.3150e-03
21.4471283,1.8376e-03
21.4489746,2.9464e-03
21.4519234,9.4739e-04
21.4528713,1.2974e-03
21.4541721,5.9432e-03
21.4601173,2.4798e-03
21.4625988,1.6911e-03
21.4642925,1.7702e-03
21.4660664,1.5069e-03
21.4675751,1.6277e-03
21.4692039,2.0084e-03
21.4712162,1.8209e-03
21.4730377,2.2400e-03
21.4752808,1.9042e-03
21.4771881,1.2715e-02
21.4899044,1.4497e-03
21.4913559,1.0445e-03
21.4924030,1.5590e-03
21.4939651,1.4809e-03
21.4954472,2.6751e-03
21.4981251,1.7113e-03
21.4998379,1.6008e-03
21.5014420,1.6423e-03
21.5030861,1.7142e-03
21.5048027,1.4716e-03
21.5062752,6.7191e-03
21.5129967,1.8582e-03
21.5148582,1.5308e-03
21.5163918,3.0588e-02
21.5469818,1.1037e-02
21.5580215,3.1519e-03
21.5611763,1.3798e-03
21.5625591,2.1277e-03
21.5646896,1.3908e-03
21.5660839,1.4227e-03
21.5675087,1.7848e-03
21.5692959,1.8009e-03
21.5710983,2.8925e-03
21.5739937,5.9001e-03
21.5798950,1.4325e-03
21.5813313,1.8952e-03
21.5832272,1.9827e-03
21.5852127,1.6435e-03
21.5868587,1.7402e-03
21.5886002,2.9627e-03
21.5915661,1.7813e-03
21.5933495,7.3505e-03
21.6007023,9.4952e-04
21.6016541,1.7688e-03
21.6034260,1.6101e-03
21.6050377,1.8077e-03
21.6068478,8.7070e-04
21.6077213,9.0986e-04
21.6086330,1.6364e-03
21.6102715,1.2738e-03
21.6115475,1.1647e-03
21.6127148,1.5310e-03
21.6142483,1.6770e-03
21.6159267,1.1650e-03
21.6170940,1.7568e-03
21.6188526,1.6995e-03
21.6205540,4.1410e-03
21.6246986,1.4519e-03
21.6261520,1.7227e-03
21.6278763,1.0287e-03
21.6289082,1.8760e-02
21.6476707,1.3357e-03
21.6490078,1.4185e-03
21.6504288,1.4890e-03
21.6519203,4.4044e-03
21.6563263,1.6539e-03
21.6579838,9.1485e-04
21.6588993,2.1630e-03
21.6610661,1.2777e-03
21.6623459,1.7194e-03
21.6640663,1.8397e-03
21.6659088,1.3529e-03
21.6672649,2.0132e-03
21.6692791,7.0849e-03
21.6763668,3.9757e-03
21.6803455,1.8755e-03
21.6822224,1.7604e-03
21.6839848,3.3997e-03
21.6873875,1.9344e-03
21.6893234,1.3397e-03
21.6906662,1.3531e-03
21.6920242,1.0540e-03
21.6930790,1.6078e-03
21.6946888,1.0365e-03
21.6957283,2.5906e-03
21.6983223,1.0348e-03
21.6993580,2.0699e-03
21.7014313,1.1969e-03
21.7026310,2.8040e-02
21.7306728,9.1253e-04
21.7315884,1.7690e-03
21.7333603,1.1284e-03
21.7344913,9.1405e-04
21.7354069,1.3325e-03
21.7367420,1.6071e-03
21.7383518,1.0802e-03
21.7394352,1.2927e-03
21.7407303,3.4517e-03
21.7441845,1.1817e-03
21.7453690,1.2729e-03
21.7466431,5.7378e-03
21.7523861,1.2244e-03
21.7536125,1.3419e-03
21.7549572,2.8184e-03
21.7577782,1.8962e-03
21.7596760,2.9504e-03
21.7626305,1.2846e-03
21.7639179,2.1986e-03
21.7661190,1.2826e-03
21.7674046,2.9580e-03
21.7703648,1.6445e-03
21.7720108,2.5298e-03
21.7745438,2.4574e-03
21.7770042,1.0497e-03
21.7780571,7.4547e-04
21.7788067,9.1273e-03
21.7879353,9.8155e-04
21.7889214,1.7848e-03
21.7907085,1.2035e-03
21.7919159,4.1890e-03
21.7961082,1.5382e-03
21.7976475,4.3468e-03
21.8019981,1.2921e-03
21.8032932,1.3704e-03
21.8046665,2.7943e-03
21.8074646,2.2253e-03
21.8096905,1.5651e-03
21.8112583,1.5305e-03
21.8127918,1.4324e-03
21.8142262,3.3050e-03
21.8175335,4.9662e-03
21.8225040,1.3216e-03
21.8238277,1.2169e-03
21.8250465,1.4558e-03
21.8265038,1.4028e-03
21.8279095,1.3442e-03
21.8292561,2.8634e-03
21.8321247,8.2851e-04
21.8329563,1.4020e-03
21.8343601,1.3447e-03
21.8357086,1.0836e-03
21.8367958,1.0304e-03
21.8378277,1.3279e-03
21.8391571,1.1463e-03
21.8403091,4.2215e-03
21.8445339,1.7755e-03
21.8463135,1.8419e-03
21.8481579,1.4403e-03
21.8496017,1.0782e-03
21.8506813,1.0691e-03
21.8517532,2.2827e-03
21.8540382,8.0427e-04
21.8548450,1.7318e-03
21.8565807,2.1465e-03
21.8587303,3.0290e-03
21.8617611,1.5961e-03
21.8633595,1.7747e-03
21.8651371,1.4876e-03
21.8666286,2.5580e-03
21.8691902,1.0460e-03
21.8702393,1.6690e-03
21.8719120,2.4553e-03
21.8743687,1.9529e-03
21.8763256,1.2995e-03
21.8776283,1.2290e-03
21.8788605,1.0121e-03
21.8798733,1.7730e-03
21.8816490,1.7236e-03
21.8833752,1.7053e-03
21.8850822,1.1522e-03
21.8862362,9.9118e-04
21.8872299,1.1234e-03
21.8883572,1.9198e-03
21.8902779,8.5637e-04
21.8911381,1.1894e-03
21.8923283,2.6767e-03
21.8950081,1.6599e-03
21.8966713,2.7958e-03
21.8994694,1.0202e-03
21.9004917,1.1954e-03
21.9016876,2.0135e-03
21.9037037,8.5840e-04
21.9045639,1.3852e-03
21.9059525,1.4009e-03
21.9073544,9.4750e-04
21.9083042,1.8647e-03
21.9101715,1.2425e-03
21.9114170,1.5282e-03
21.9129467,8.4866e-04
21.9137974,1.0146e-03
21.9148140,1.8126e-03
21.9166298,1.0596e-03
21.9176922,1.9829e-03
21.9196777,2.5015e-03
21.9221802,2.8059e-03
21.9249897,1.5551e-03
21.9265461,9.7654e-04
21.9275265,1.4179e-03
21.9289455,1.3081e-03
21.9302559,1.1130e-03
21.9313717,1.4140e-03
21.9327888,4.2029e-03
21.9369926,3.8387e-03
21.9408340,1.5631e-03
21.9424000,2.0531e-03
21.9444561,1.1436e-03
21.9456024,1.9253e-03
21.9475307,1.3074e-03
21.9488411,1.0854e-03
21.9499302,1.2084e-03
21.9511414,8.4197e-04
21.9519863,1.3949e-03
21.9533844,1.6527e-03
21.9550400,1.6586e-03
21.9567032,1.8124e-03
21.9585171,1.3377e-03
21.9598579,3.4168e-03
21.9632778,1.6476e-03
21.9649277,1.7077e-03
21.9666367,1.7300e-03
21.9683704,1.6320e-03
21.9700031,2.4702e-03
21.9724770,1.4091e-03
21.9738884,2.4875e-03
21.9763775,4.8203e-03
21.9811993,1.8874e-03
21.9830894,2.1683e-03
21.9852600,1.9272e-03
21.9871902,1.9284e-03
21.9891205,2.2308e-03
21.9913540,1.0348e-03
21.9923916,1.5906e-03
21.9939842,7.6810e-04
21.9947567,1.8615e-03
21.9966202,1.4779e-03
21.9981003,1.6890e-03
21.9997921,1.0363e-03
22.0008316,1.6011e-03
22.0024357,1.7920e-03
22.0042286,1.6907e-03
22.0059223,1.5746e-03
22.0074997,1.3066e-03
22.0088081,1.5313e-03
22.0103416,1.6389e-03
22.0119820,1.8130e-03
22.0137997,1.6564e-03
22.0154572,1.0820e-03
22.0165424,1.4537e-03
22.0179977,1.5327e-03
22.0195332,1.0213e-03
22.0205574,1.0645e-03
22.0216236,2.0056e-03
22.0236301,1.6366e-03
22.0252705,1.1461e-03
22.0264187,1.3223e-03
22.0277424,1.5041e-03
22.0292492,8.9515e-04
22.0301456,2.3162e-03
22.0324650,2.8343e-03
22.0353069,1.2932e-03
22.0366020,8.4362e-04
22.0374470,9.4925e-04
22.0383987,2.1440e-03
22.0405464,1.0655e-03
22.0416145,1.2551e-03
22.0428734,1.2551e-03
22.0441303,1.7030e-03
22.0458374,4.3547e-03
22.0501957,2.6679e-03
22.0528660,1.0465e-03
22.0539169,1.7476e-03
22.0556679,1.9317e-03
22.0576019,4.2023e-03
22.0618057,1.5322e-03
22.0633411,5.7116e-03
22.0690556,1.1933e-03
22.0702496,1.3719e-03
22.0716248,8.8970e-04
22.0725155,1.4428e-03
22.0739613,1.1467e-03
22.0751095,1.2281e-03
22.0763397,1.5736e-03
22.0779171,1.2964e-03
22.0792141,1.1717e-03
22.0803890,1.2946e-03
22.0816860,1.2516e-03
22.0829391,1.0800e-03
22.0840206,1.3526e-03
22.0853767,1.6613e-03
22.0870399,9.1306e-04
22.0879555,1.1601e-03
22.0891171,1.0966e-03
22.0902157,2.0287e-02
22.1105061,1.6819e-03
22.1121902,3.9771e-03
22.1161690,1.3883e-03
22.1175594,1.9053e-03
22.1194687,1.0319e-03
22.1205025,1.5420e-03
22.1220455,2.5540e-03
22.1246033,1.1763e-03
22.1257820,1.0707e-02
22.1364899,1.3530e-03
22.1378460,2.7100e-03
22.1405582,1.5272e-03
22.1420879,2.8817e-03
22.1449718,1.2089e-02
22.1570625,6.9392e-04
22.1577587,3.4193e-03
22.1611805,2.2046e-03
22.1633873,1.0804e-03
22.1644688,1.5104e-03
22.1659832,1.1295e-03
22.1671143,2.4209e-03
22.1695366,8.7667e-04
22.1704159,2.1914e-02
22.1923332,1.4801e-03
22.1938152,1.3651e-03
22.1951828,2.6302e-03
22.1978149,1.5146e-03
22.1993313,1.3476e-03
22.2006817,1.2860e-03
22.2019691,1.4339e-03
22.2034054,9.7394e-04
22.2043819,1.1613e-03
22.2055454,2.0651e-02
22.2261982,1.3933e-03
22.2275944,2.1217e-03
22.2297192,1.7147e-03
22.2314358,2.1850e-03
22.2336235,1.3820e-03
22.2350063,2.0640e-03
22.2370739,2.3589e-03
22.2394352,1.8831e-03
22.2413197,1.6518e-03
22.2429733,1.4774e-03
22.2444534,1.1461e-03
22.2456017,1.7602e-03
22.2473640,1.0990e-03
22.2484646,1.6855e-03
22.2501526,3.1678e-03
22.2533226,1.9098e-03
22.2552357,1.3563e-03
22.2565937,2.1110e-03
22.2587070,1.5608e-03
22.2602692,1.8398e-03
22.2621117,1.6390e-03
22.2637539,1.3531e-03
22.2651081,1.5493e-03
22.2666607,1.3930e-03
22.2680550,2.1477e-03
22.2702045,1.1093e-03
22.2713165,1.5863e-03
22.2729053,1.4483e-03
22.2743568,2.6207e-03
22.2769794,1.4233e-03
22.2784042,1.6133e-03
22.2800198,1.0968e-02
22.2909908,1.4534e-02
22.3055267,1.3038e-03
22.3068333,1.2772e-03
22.3081112,1.4252e-03
22.3095398,1.4204e-03
22.3109627,8.7987e-04
22.3118439,1.2671e-03
22.3131142,1.5320e-03
22.3146477,1.5755e-03
22.3162251,1.5295e-02
22.3315220,1.5327e-03
22.3330574,1.1371e-03
22.3341961,2.1323e-03
22.3363304,1.4327e-03
22.3377666,6.1498e-03
22.3439178,5.6611e-03
22.3495808,1.6680e-03
22.3512516,1.5718e-03
22.3528252,1.9762e-03
22.3548050,2.4130e-03
22.3572197,1.6763e-03
22.3588982,1.7797e-03
22.3606796,1.8244e-03
22.3625069,8.9012e-04
22.3633995,2.1643e-03
22.3655663,2.3520e-03
22.3679199,1.2217e-03
22.3691444,2.1355e-03
22.3712826,1.5146e-03
22.3727989,3.3228e-03
22.3761234,5.1543e-02
22.4276695,1.9048e-03
22.4295750,8.4260e-04
22.4304199,2.0722e-02
22.4511452,1.5733e-03
22.4527206,2.1400e-03
22.4548626,5.2505e-03
22.4601154,1.8175e-03
22.4619350,1.2158e-03
22.4631538,1.2474e-02
22.4756298,1.4599e-02
22.4902306,1.3165e-03
22.4915485,1.7896e-03
22.4933414,1.2238e-02
22.5055828,1.6874e-03
22.5072708,1.7207e-03
22.5089951,1.5269e-03
22.5105228,1.6070e-03
22.5121326,3.3334e-03
22.5154686,2.9981e-03
22.5184689,1.1902e-03
22.5196609,3.6764e-03
22.5233402,1.5921e-03
22.5249348,1.1071e-03
22.5260429,7.0189e-03
22.5330639,1.3073e-03
22.5343742,1.1024e-02
22.5454006,1.5398e-03
22.5469437,1.2806e-03
22.5482254,1.1638e-02
22.5598660,2.3329e-03
22.5622005,5.3294e-03
22.5675335,3.6143e-03
22.5711498,1.5590e-03
22.5727100,1.5481e-03
22.5742607,1.0958e-03
22.5753593,1.1640e-03
22.5765247,1.7375e-03
22.5782642,1.7179e-03
22.5799847,8.5135e-03
22.5885010,1.5927e-03
22.5900955,1.0188e-02
22.6002865,1.3765e-03
22.6016655,1.1561e-03
22.6028233,1.5739e-03
22.6043987,1.3021e-03
22.6057034,1.4532e-03
22.6071587,3.8744e-03
22.6110363,1.0779e-03
22.6121159,4.6752e-03
22.6167927,1.6073e-03
22.6184025,9.5114e-04
22.6193562,1.6428e-02
22.6357861,1.8485e-03
22.6376381,1.7752e-03
22.6394138,1.5493e-03
22.6409664,1.5517e-03
22.6425209,1.6314e-03
22.6441536,1.3104e-03
22.6454659,7.4666e-04
22.6462154,1.4036e-03
22.6476212,4.3416e-03
22.6519642,1.6339e-03
22.6536007,1.5787e-03
22.6551819,2.0358e-03
22.6572208,1.7467e-03
22.6589699,1.4291e-03
22.6604004,1.5048e-03
22.6619072,1.5106e-03
22.6634197,1.7660e-03
22.6651878,9.1262e-03
22.6743164,1.6242e-03
22.6759434,1.1546e-03
22.6770992,1.5383e-03
22.6786404,1.3072e-03
22.6799488,3.3411e-03
22.6832924,1.1642e-03
22.6844597,1.3516e-03
22.6858120,1.5985e-03
22.6874142,1.6808e-03
22.6890965,1.9550e-03
22.6910534,1.4905e-03
22.6925468,9.1324e-03
22.7016811,1.0911e-03
22.7027740,1.7556e-03
22.7045307,1.6643e-03
22.7061977,1.0712e-03
22.7072716,1.6882e-03
22.7089615,1.8580e-03
22.7108212,1.4117e-03
22.7122364,1.1190e-03
22.7133560,1.1561e-03
22.7145157,3.3752e-03
22.7178917,1.3554e-03
22.7192497,1.4620e-03
22.7207146,1.6829e-03
22.7223988,1.3270e-03
22.7237282,1.7545e-03
22.7254848,2.1598e-03
22.7276478,2.1891e-03
22.7298393,9.8811e-04
22.7308292,2.8715e-03
22.7337017,1.5085e-03
22.7352123,1.6695e-03
22.7368851,1.4408e-03
22.7383270,1.5923e-03
22.7399216,1.2722e-03
22.7411976,1.4501e-03
22.7426491,2.3663e-03
22.7450180,1.7550e-03
22.7467747,1.0903e-03
22.7478676,1.3956e-03
22.7492657,7.2685e-04
22.7499943,1.9486e-03
22.7519455,4.5820e-03
22.7565289,2.7667e-03
22.7592983,1.0693e-03
22.7603683,1.1477e-03
22.7615185,1.9991e-03
22.7635212,1.3116e-03
22.7648373,1.5842e-03
22.7664242,2.2468e-03
22.7686729,2.1186e-03
22.7707939,1.5009e-03
22.7722969,1.4197e-03
22.7737198,1.8208e-03
22.7755432,1.0494e-03
22.7765942,1.0452e-03
22.7776413,2.9077e-03
22.7805519,1.7165e-03
22.7822704,2.0141e-03
22.7842865,2.7301e-03
22.7870178,1.4874e-03
22.7885075,1.6029e-03
22.7901134,1.0342e-03
22.7911491,1.2617e-03
22.7924137,1.8339e-03
22.7942486,1.3606e-03
22.7956123,2.0065e-03
22.7976208,1.9722e-03
22.7995949,1.8280e-03
22.8014259,1.8951e-03
22.8033218,1.6164e-03
22.8049412,1.5247e-03
22.8064690,1.5429e-03
22.8080139,1.4543e-03
22.8094711,9.6703e-04
22.8104401,1.0153e-03
22.8114567,1.6211e-03
22.8130817,1.4492e-03
22.8145332,1.3736e-03
22.8159084,1.2158e-03
22.8171272,1.4942e-03
22.8186226,2.5205e-03
22.8211460,1.6072e-03
22.8227558,9.1109e-04
22.8236675,1.3526e-03
22.8250237,1.2236e-03
22.8262482,1.5582e-03
22.8278103,1.9114e-03
22.8297234,1.1576e-03
22.8308849,1.4459e-03
22.8323326,1.8676e-03
22.8342037,1.4400e-03
22.8356457,1.6992e-03
22.8373470,1.3447e-03
22.8386936,1.2207e-03
22.8399162,9.5930e-04
22.8408775,1.2815e-03
22.8421612,1.5976e-03
22.8437614,1.5096e-03
22.8452740,9.4401e-04
22.8462200,1.0921e-03
22.8473129,1.3702e-03
22.8486862,1.8171e-03
22.8505058,1.6283e-03
22.8521347,1.9771e-03
22.8541145,1.7848e-03
22.8559017,4.3736e-03
22.8602772,8.5209e-04
22.8611317,1.1108e-03
22.8622456,1.9033e-03
22.8641510,2.2533e-03
22.8664074,9.5587e-03
22.8759708,9.1691e-04
22.8768902,3.4488e-03
22.8803425,1.3667e-03
22.8817120,1.6358e-03
22.8833504,1.3041e-03
22.8846569,3.0480e-03
22.8877068,1.3222e-03
22.8890324,1.2991e-03
22.8903332,2.0301e-03
22.8923664,4.4782e-03
22.8968468,1.8937e-03
22.8987427,1.8922e-03
22.9006367,3.5575e-03
22.9041977,1.1084e-03
22.9053078,1.0492e-03
22.9063587,1.5573e-03
22.9079189,2.3734e-03
22.9102936,1.3797e-03
22.9116764,1.8839e-03
22.9135628,3.6251e-03
22.9171906,1.1253e-03
22.9183197,1.0094e-03
22.9193325,1.1783e-03
22.9205132,2.2233e-03
22.9227390,1.4864e-03
22.9242287,2.5281e-03
22.9267578,1.1445e-03
22.9279041,1.6303e-03
22.9295368,1.2821e-03
22.9308205,1.6687e-03
22.9324913,1.6191e-03
22.9341125,1.5721e-03
22.9356880,2.1027e-03
22.9377937,1.0183e-03
22.9388161,1.0809e-03
22.9398994,1.0652e-03
22.9409676,1.8564e-03
22.9428272,1.8092e-03
22.9446373,2.0255e-03
22.9466648,2.2456e-03
22.9489136,1.0809e-03
22.9499969,9.8913e-04
22.9509907,1.4478e-03
22.9524422,1.3862e-03
22.9538307,9.8151e-04
22.9548130,1.8620e-03
22.9566784,2.2741e-03
22.9589558,2.3238e-03
22.9612827,1.8635e-03
22.9631500,4.8206e-03
22.9679737,9.6686e-04
22.9689426,2.1633e-03
22.9711094,2.0473e-03
22.9731617,1.7638e-03
22.9749298,1.6553e-03
22.9765873,4.2705e-03
22.9808598,3.0525e-03
22.9839153,1.8146e-03
22.9857311,1.6254e-03
22.9873600,1.3639e-03
22.9887257,1.7357e-03
22.9904652,1.5486e-03
22.9920158,1.2151e-03
22.9932327,4.4653e-03
22.9976997,2.2837e-03
22.9999866,1.2624e-03
23.0012512,1.7897e-03
23.0030441,1.4923e-03
23.0045395,9.1855e-03
23.0137291,1.5281e-03
23.0152588,7.8352e-04
23.0160465,1.0371e-03
23.0170860,1.4870e-03
23.0185757,1.6159e-03
23.0201950,1.3954e-03
23.0215931,9.3497e-04
23.0225296,9.9165e-04
23.0235233,3.3617e-03
23.0268898,5.5403e-03
23.0324326,1.0549e-03
23.0334892,1.4206e-03
23.0349121,6.4485e-03
23.0413628,1.9020e-03
23.0432682,1.9969e-03
23.0452671,1.4921e-03
23.0467625,9.6784e-03
23.0564423,1.7075e-03
23.0581532,1.5539e-03
23.0597095,4.7885e-03
23.0645008,4.5651e-03
23.0690670,2.8229e-03
23.0718937,2.0379e-03
23.0739326,1.3241e-03
23.0752602,1.1428e-03
23.0764046,2.5822e-03
23.0789890,7.6639e-03
23.0866566,1.4579e-03
23.0881157,2.1322e-03
23.0902500,1.6211e-03
23.0918751,1.2222e-03
23.0930996,2.0714e-03
23.0951729,1.2588e-02
23.1077633,1.2736e-03
23.1090393,1.4933e-03
23.1105347,4.5556e-03
23.1150932,9.9369e-04
23.1160889,8.5401e-04
23.1169453,2.2691e-03
23.1192169,2.0519e-03
23.1212711,1.6340e-03
23.1229076,3.2934e-03
23.1262035,1.6545e-03
23.1278591,1.3255e-03
23.1291866,1.6526e-03
23.1308422,1.4868e-03
23.1323318,5.8945e-03
23.1382275,9.9645e-04
23.1392269,1.3784e-03
23.1406078,1.4967e-03
23.1421070,1.9372e-03
23.1440449,1.0025e-03
23.1450500,1.3876e-03
23.1464405,4.9320e-03
23.1513748,1.3417e-03
23.1527176,1.2983e-03
23.1540184,4.5038e-03
23.1585255,1.8984e-03
23.1604252,9.0934e-04
23.1613369,9.2467e-04
23.1622639,1.4560e-03
23.1637230,1.9319e-03
23.1656570,1.3355e-03
23.1669941,1.5251e-03
23.1685219,2.0704e-03
23.1705933,1.5985e-03
23.1721954,1.6972e-03
23.1738949,1.8836e-03
23.1757812,1.5545e-03
23.1773376,1.8091e-03
23.1791477,1.6005e-03
23.1807518,1.4573e-03
23.1822109,5.6301e-03
23.1878433,2.1146e-03
23.1899605,2.7690e-03
23.1927319,1.1537e-03
23.1938877,1.3665e-03
23.1952572,1.6274e-03
23.1968861,1.2596e-03
23.1981487,3.3010e-03
23.2014503,1.0107e-03
23.2024651,1.6959e-03
23.2041626,1.3443e-03
23.2055092,1.0775e-03
23.2065887,1.0150e-02
23.2167416,2.1062e-03
23.2188492,7.4236e-03
23.2262764,1.0772e-03
23.2273560,1.7077e-03
23.2290649,2.9695e-03
23.2320366,7.5812e-03
23.2396221,5.2112e-03
23.2448349,1.5073e-03
23.2463455,1.0060e-03
23.2473526,1.8870e-03
23.2492428,2.6010e-03
23.2518463,5.8047e-03
23.2576523,8.8877e-03
23.2665424,2.0660e-02
23.2872047,1.1453e-03
23.2883549,1.5955e-03
23.2899513,8.3490e-04
23.2907887,1.4481e-03
23.2922401,1.5538e-03
23.2937965,2.2418e-03
23.2960396,7.7092e-04
23.2968140,1.3261e-03
23.2981415,1.4812e-03
23.2996254,1.2828e-03
23.3009109,1.0010e-02
23.3109226,2.1503e-03
23.3130741,1.5306e-03
23.3146076,1.6449e-03
23.3162537,1.7370e-03
23.3179932,7.7500e-03
23.3257465,1.8255e-03
23.3275738,1.3661e-03
23.3289413,2.8392e-03
23.3317833,2.0423e-03
23.3338280,1.3032e-03
23.3351345,1.3588e-03
23.3364944,3.0398e-03
23.3395367,1.5353e-03
23.3410740,1.3790e-03
23.3424549,1.3130e-03
23.3437710,9.1840e-04
23.3446922,1.5006e-03
23.3461952,1.4101e-03
23.3476067,1.6829e-03
23.3492908,1.0602e-03
23.3503532,1.2357e-03
23.3515930,1.3785e-03
23.3529720,7.9432e-03
23.3609180,2.0941e-03
23.3630142,1.3009e-03
23.3643169,5.0554e-03
23.3693752,1.4422e-03
23.3708191,1.2128e-02
23.3829498,1.4638e-03
23.3844166,1.6419e-03
23.3860607,1.7349e-03
23.3877983,5.8826e-03
23.3936825,2.2189e-03
23.3959045,6.1087e-04
23.3965168,1.6276e-03
23.3981476,2.0051e-03
23.4001541,1.2393e-03
23.4013958,2.1473e-03
23.4035454,3.5489e-03
23.4070969,8.7871e-03
23.4158859,1.1203e-03
23.4170074,1.4386e-03
23.4184494,1.3416e-03
23.4197922,1.6070e-03
23.4214020,1.1990e-03
23.4226036,1.9600e-03
23.4245644,1.7206e-03
23.4262886,1.5130e-03
23.4278030,5.8991e-04
23.4283962,7.4653e-04
23.4291439,1.1251e-03
23.4302711,1.0459e-03
23.4313202,1.7878e-03
23.4331093,8.4582e-04
23.4339581,1.3138e-03
23.4352741,1.5515e-03
23.4368267,1.0602e-03
23.4378910,1.2862e-03
23.4391804,1.5436e-03
23.4407272,1.3704e-03
23.4421005,9.6176e-04
23.4430656,1.3942e-03
23.4444637,1.8618e-03
23.4463272,1.5406e-03
23.4478722,1.1051e-03
23.4489784,1.9213e-03
23.4509048,1.9677e-03
23.4528732,1.7614e-03
23.4546375,1.3785e-03
23.4560184,1.3044e-03
23.4573250,1.9204e-03
23.4592476,1.9860e-02
23.4791126,1.5671e-03
23.4806805,1.1261e-02
23.4919472,1.6300e-03
23.4935799,1.1205e-03
23.4947033,1.0781e-03
23.4957829,2.1324e-03
23.4979172,2.4579e-03
23.5003777,1.4901e-03
23.5018711,2.8118e-03
23.5046864,1.5287e-03
23.5062160,9.4242e-03
23.5156441,8.4618e-04
23.5164928,2.0298e-03
23.5185261,1.3035e-03
23.5198307,1.0210e-03
23.5208549,1.6867e-03
23.5225449,1.2821e-03
23.5238285,1.8968e-03
23.5257282,4.8604e-03
23.5305920,9.6918e-04
23.5315628,1.1004e-03
23.5326672,1.9974e-03
23.5346680,9.7470e-04
23.5356445,1.2046e-03
23.5368519,1.3803e-03
23.5382347,6.9984e-03
23.5452366,2.0993e-03
23.5473385,1.4442e-03
23.5487862,2.6734e-03
23.5514622,2.4605e-03
23.5539265,1.0955e-03
23.5550232,1.6151e-03
23.5566425,5.2769e-02
23.6094131,5.1308e-03
23.6145477,2.2947e-03
23.6168461,1.5911e-03
23.6184387,1.5653e-03
23.6200066,2.3142e-03
23.6223221,1.3081e-03
23.6236324,1.4738e-03
23.6251087,9.0864e-04
23.6260204,9.0015e-04
23.6269226,1.4104e-03
23.6283360,3.9049e-03
23.6322441,1.6021e-03
23.6338482,1.4566e-03
23.6353073,8.5584e-03
23.6438675,1.2663e-03
23.6451359,1.2210e-03
23.6463585,7.8294e-04
23.6471443,9.1448e-04
23.6480618,9.0154e-04
23.6489658,1.0590e-03
23.6500263,2.2380e-03
23.6522655,8.1113e-04
23.6530800,1.6788e-03
23.6547604,1.3795e-03
23.6561432,1.1179e-03
23.6572628,1.0276e-03
23.6582928,9.4434e-04
23.6592388,1.3281e-03
23.6605682,1.4586e-03
23.6620293,1.1069e-03
23.6631393,1.4894e-03
23.6646309,1.0056e-03
23.6656380,1.4847e-03
23.6671257,2.3417e-03
23.6694698,1.0185e-03
23.6704903,8.3007e-03
23.6787930,1.5552e-03
23.6803513,9.8325e-04
23.6813374,1.0676e-03
23.6824055,1.3407e-03
23.6837482,1.5647e-03
23.6853161,1.0004e-03
23.6863194,1.7164e-03
23.6880379,2.2588e-03
23.6902981,2.3294e-03
23.6926308,1.1103e-02
23.7037354,1.3038e-02
23.7167759,1.2414e-03
23.7180195,6.1281e-03
23.7241535,7.9454e-04
23.7249508,9.0658e-04
23.7258587,9.3608e-04
23.7267971,2.3461e-03
23.7291451,1.7352e-03
23.7308826,1.6528e-03
23.7325401,1.2473e-03
23.7337894,1.5270e-03
23.7353191,1.5155e-03
23.7368393,1.0360e-03
23.7378769,1.5914e-03
23.7394695,2.2005e-03
23.7416744,1.2981e-03
23.7429752,1.7046e-03
23.7446823,1.6622e-03
23.7463455,9.9339e-04
23.7473412,3.9988e-03
23.7513428,1.1104e-03
23.7524548,1.7359e-03
23.7541943,1.4406e-03
23.7556362,1.5728e-03
23.7572117,1.5528e-03
23.7587662,1.6550e-03
23.7604237,4.6125e-03
23.7650394,1.4777e-03
23.7665195,2.1313e-03
23.7686539,1.6729e-03
23.7703285,2.8795e-03
23.7732124,1.4238e-03
23.7746372,1.3718e-03
23.7760124,1.5278e-03
23.7775421,1.2224e-03
23.7787666,1.3324e-03
23.7801018,2.1425e-03
23.7822456,2.3123e-03
23.7845612,1.0067e-03
23.7855701,6.1476e-03
23.7917213,2.5228e-03
23.7942467,4.5965e-03
23.7988453,7.2006e-04
23.7995701,1.6369e-03
23.8012085,1.4592e-03
23.8026714,1.7997e-03
23.8044739,1.6328e-03
23.8061104,1.1060e-03
23.8072186,3.5592e-03
23.8107815,3.1504e-03
23.8139343,1.7842e-03
23.8157234,1.4126e-03
23.8171368,1.5169e-03
23.8186569,1.1547e-03
23.8198128,1.3575e-03
23.8211746,1.1301e-03
23.8223076,1.4554e-03
23.8237667,1.5391e-03
23.8253078,1.1448e-03
23.8264561,8.9661e-04
23.8273544,1.2962e-03
23.8286533,1.2923e-03
23.8299465,1.5086e-03
23.8314571,1.7455e-03
23.8332062,5.0588e-03
23.8382664,2.1898e-03
23.8404598,1.4197e-03
23.8418827,1.2790e-03
23.8431625,2.6771e-03
23.8458443,2.1159e-03
23.8479633,4.7383e-03
23.8527050,1.7231e-03
23.8544331,1.5777e-03
23.8560123,2.1739e-03
23.8581905,2.3620e-01
24.0943947,3.5255e-02
24.1296558,3.3395e-03
24.1329994,1.6053e-03
24.1346092,1.1203e-01
24.2466431,2.7767e-03
24.2494240,2.3288e-03
24.2517586,5.2306e-02
24.3040695,5.0743e-03
24.3091469,7.4562e-03
24.3166084,5.8657e-02
24.3752708,3.1299e-02
24.4065742,1.7599e-03
24.4083366,1.9535e-03
24.4102936,2.7472e-02
24.4377708,1.0320e-03
24.4388065,2.0307e-03
24.4408417,3.7396e-02
24.4782410,8.6942e-03
24.4869404,2.4477e-03
24.4893913,2.1888e-03
24.4915848,2.8166e-03
24.4944057,9.2486e-03
24.5036583,8.8854e-03
24.5125484,2.0879e-03
24.5146408,4.0893e-02
24.5555382,2.8713e-03
24.5584145,1.7709e-03
24.5601883,2.6207e-02
24.5864010,1.1917e-03
24.5875950,7.4695e-04
24.5883465,8.2978e-01
25.4181347,7.9565e-02
25.4977036,1.3529e-02
25.5112381,4.1836e-01
25.9295979,9.9922e-03
25.9395943,9.6558e-03
25.9492569,4.0159e-02
25.9894199,2.5398e-03
25.9919643,2.2082e-03
25.9941750,1.3782e-02
26.0079613,3.9251e-03
26.0118904,3.4318e-03
26.0153255,2.8424e-03
26.0181751,2.4979e-03
26.0206757,5.7115e-03
26.0263901,2.4814e-03
26.0288734,2.2590e-03
26.0311356,1.4178e-01
26.1729164,9.4676e-03
26.1823883,2.1969e-03
26.1845894,4.8260e-02
26.2328529,9.6632e-03
26.2425194,2.7075e-03
26.2452297,4.5346e-02
26.2905788,1.9728e-03
26.2925549,2.2798e-03
26.2948380,3.3166e-02
26.3280087,3.0000e-03
26.3310127,2.8771e-03
26.3338928,3.1031e-03
26.3369999,2.0313e-03
26.3390331,1.8076e-02
26.3571129,2.4779e-03
26.3595943,2.9742e-02
26.3893414,2.4282e-03
26.3917732,2.6236e-02
26.4180126,9.7231e-03
26.4277401,3.4202e-02
26.4619446,2.3595e-03
26.4643078,2.0490e-02
26.4848022,2.2815e-03
26.4870872,2.1747e-03
26.4892635,2.2806e-03
26.4915485,1.7463e-02
26.5090179,3.9531e-03
26.5129757,2.5444e-03
26.5155220,1.7906e-02
26.5334320,4.5591e-02
26.5790272,1.5982e-02
26.5950127,2.2384e-03
26.5972538,2.1330e-03
26.5993900,1.4011e-03
26.6007957,2.5934e-02
26.6267357,2.3238e-03
26.6290627,1.7699e-03
26.6308384,1.6946e-02
26.6477909,2.4448e-02
26.6722431,2.3321e-03
26.6745796,3.1957e-02
26.7065411,9.8446e-03
26.7163887,4.5514e-01
27.1715336,4.1888e-02
27.2134247,2.0565e-03
27.2154846,3.2790e-03
27.2187653,1.7119e-02
27.2358875,1.4629e-01
27.3821850,3.2143e-02
27.4143314,1.5839e-03
27.4159203,2.6653e-03
27.4185886,3.5668e-03
27.4221573,1.6134e-02
27.4382954,2.0168e-02
27.4584675,2.6842e-02
27.4853134,2.5209e-02
27.5105267,4.7016e-02
27.5575504,2.3550e-02
27.5811043,7.9179e-03
27.5890255,1.2159e-02
27.6011887,3.0229e-01
27.9034863,1.1022e-02
27.9145107,3.6236e-02
27.9507523,2.1887e-03
27.9529438,7.8708e-03
27.9608192,3.2307e-03
27.9640579,1.6398e-03
27.9657040,2.1013e-03
27.9678097,6.9021e-03
27.9747162,2.1307e-03
27.9768524,2.3172e-03
27.9791737,2.1901e-03
27.9813690,3.1968e-03
27.9845695,2.4576e-03
27.9870300,1.6125e-03
27.9886475,1.6394e-02
28.0050468,2.1812e-03
28.0072308,2.7543e-03
28.0099907,2.3240e-03
28.0123177,1.1538e-02
28.0238609,4.8003e-03
28.0286636,1.8913e-03
28.0305614,1.9310e-03
28.0324974,5.7161e-03
28.0382156,4.7938e-03
28.0430145,2.6750e-03
28.0456924,2.2201e-03
28.0479183,1.3517e-03
28.0492725,1.9565e-03
28.0512333,2.2107e-03
28.0534477,3.2116e-03
28.0566635,1.3264e-03
28.0579948,1.7157e-03
28.0597134,8.8948e-03
28.0686131,1.9056e-03
28.0705223,1.9059e-03
28.0724297,2.5935e-03
28.0750275,2.2501e-03
28.0772820,2.8673e-02
28.1059589,2.1210e-03
28.1080837,2.7352e-03
28.1108208,1.6188e-03
28.1124439,2.2927e-03
28.1147404,7.9985e-03
28.1227417,9.3581e-03
28.1321049,2.0511e-03
28.1341572,4.7070e-03
28.1388702,1.3243e-02
28.1521168,5.7042e-03
28.1578255,2.8465e-03
28.1606750,9.9581e-03
28.1706371,3.8574e-02
28.2092152,2.1376e-03
28.2113571,1.0345e-01
28.3148079,1.4727e-03
28.3162842,3.8105e-02
28.3543911,1.4281e-03
28.3558235,2.7120e-03
28.3585377,1.0345e-01
28.4619961,6.0063e-03
28.4680061,2.8337e-02
28.4963474,1.5798e-02
28.5121479,1.2233e-02
28.5243855,2.5797e-03
28.5269699,4.5973e-03
28.5315704,1.4653e-02
28.5462265,2.8841e-02
28.5750713,2.5116e-03
28.5775852,2.4256e-03
28.5800171,3.4502e-03
28.5834694,1.7986e-03
28.5852718,1.5828e-02
28.6011028,2.2540e-03
28.6033611,1.9215e-03
28.6052856,3.4648e-03
28.6087532,2.0466e-03
28.6108055,1.1548e-02
28.6223564,1.3069e-02
28.6354313,1.5136e-02
28.6505699,2.1990e-03
28.6527710,1.9596e-03
28.6547337,1.9519e-03
28.6566887,1.7375e-03
28.6584301,5.8521e-03
28.6642857,1.2102e-02
28.6763897,2.0885e-03
28.6784821,4.8315e-03
28.6833172,2.7782e-03
28.6861000,2.4815e-02
28.7109184,1.4225e-03
28.7123451,1.8622e-03
28.7142105,3.2101e-03
28.7174263,6.1980e-03
28.7236309,1.1531e-02
28.7351646,1.8017e-03
28.7369709,1.3365e-03
28.7383118,5.0631e-03
28.7433777,2.0557e-03
28.7454357,4.7446e-03
28.7501850,1.5719e-03
28.7517624,1.5129e-03
28.7532787,1.4285e-02
28.7675667,2.1380e-03
28.7697067,1.6837e-03
28.7713947,2.1240e-03
28.7735214,2.6923e-03
28.7762165,3.0887e-03
28.7793064,1.2928e-03
28.7806034,1.8357e-03
28.7824402,1.6800e-03
28.7841244,2.4985e-03
28.7866268,5.2352e-03
28.7918644,6.0898e-03
28.7979584,1.4223e-03
28.7993851,1.8091e-03
28.8011990,3.4623e-03
28.8046665,1.0006e-03
28.8056698,3.4731e-01
29.1529827,1.9429e-03
29.1549320,1.4655e-03
29.1564026,1.2297e-03
29.1576366,2.6951e-03
29.1603355,2.5252e-03
29.1628647,2.1825e-03
29.1650505,2.2212e-03
29.1672745,1.7103e-03
29.1689892,5.3679e-03
29.1743641,3.3496e-03
29.1777191,1.5893e-03
29.1793137,2.0039e-03
29.1813221,3.7344e-03
29.1850605,2.5141e-03
29.1875801,1.9780e-03
29.1895618,1.8186e-03
29.1913872,2.4966e-02
29.2163563,2.5578e-02
29.2419395,2.4223e-02
29.2661667,1.2458e-02
29.2786274,1.1572e-02
29.2902031,1.0728e-02
29.3009338,1.0593e-02
29.3115311,1.1222e-02
29.3227558,9.5065e-03
29.3322659,1.1408e-02
29.3436775,9.8347e-03
29.3535156,8.8056e-03
29.3623238,5.3540e-03
29.3676815,3.7465e-03
29.3714314,3.2335e-03
29.3746681,2.1070e-03
29.3767776,2.3183e-03
29.3790989,1.9123e-03
29.3810139,1.8433e-03
29.3828602,1.9004e-03
29.3847637,3.6305e-02
29.4210720,9.6578e-03
29.4307327,1.9275e-03
29.4326630,2.2291e-03
29.4348946,1.5720e-02
29.4506187,2.0379e-03
29.4526596,1.8341e-03
29.4544964,4.9527e-03
29.4594517,1.5375e-02
29.4748287,1.9814e-03
29.4768143,4.1153e-03
29.4809322,2.1483e-03
29.4830837,1.9946e-03
29.4850807,1.8019e-03
29.4868851,1.2004e-03
29.4880886,2.5212e-03
29.4906139,2.6501e-03
29.4932671,2.2713e-03
29.4955406,2.1409e-03
29.4976864,1.7987e-03
29.4994907,1.0141e-02
29.5096378,7.7573e-03
29.5173988,1.4692e-03
29.5188732,9.4336e-03
29.5283089,1.2979e-02
29.5412922,2.8398e-03
29.5441341,2.1466e-03
29.5462837,3.9107e-03
29.5501957,2.1295e-02
29.5714951,1.9421e-03
29.5734386,2.7051e-03
29.5761471,2.8037e-03
29.5789528,2.8249e-03
29.5817814,1.5177e-03
29.5833015,1.7820e-03
29.5850849,3.9668e-03
29.5890560,1.7092e-02
29.6061497,1.6737e-03
29.6078262,1.2715e-02
29.6205444,6.5976e-03
29.6271439,1.9563e-03
29.6291027,1.8904e-03
29.6309967,3.0002e-02
29.6610012,1.9404e-03
29.6629448,1.4673e-02
29.6776218,5.2597e-02
29.7302208,5.7831e-03
29.7360077,1.1739e-02
29.7477512,1.5280e-03
29.7492828,1.7593e-03
29.7510452,1.6519e-03
29.7526989,1.4138e-02
29.7668400,4.7924e-03
29.7716351,3.3765e-03
29.7750149,2.3751e-03
29.7773914,1.4526e-03
29.7788467,1.1951e-03
29.7800446,1.3225e-02
29.7932720,1.3732e-03
29.7946472,2.6112e-02
29.8207626,1.9704e-03
29.8227367,4.0067e-03
29.8267460,3.7458e-02
29.8642082,5.2653e-03
29.8694763,1.5137e-03
29.8709927,4.9289e-03
29.8759251,1.7928e-02
29.8938580,4.5236e-03
29.8983841,1.3373e-03
29.8997269,1.6721e-02
29.9164543,2.4727e-03
29.9189301,1.9515e-03
29.9208851,6.7232e-02
29.9881229,2.5861e-03
29.9907112,1.3728e-02
30.0044441,2.9795e-03
30.0074272,8.8745e-03
30.0163059,1.6512e-03
30.0179596,4.2785e-02
30.0607491,1.2462e-02
30.0732174,2.0186e-02
30.0934067,2.1136e-03
30.0955257,3.8013e-02
30.1335449,1.8388e-01
30.3174267,1.2383e-02
30.3298130,1.4319e-02
30.3441372,8.6981e-02
30.4311218,3.3793e-02
30.4649181,1.9174e-02
30.4840965,2.6044e-03
30.4867039,2.1682e-03
30.4888763,2.8754e-03
30.4917564,2.9548e-02
30.5213070,3.8101e-02
30.5594120,2.2948e-03
30.5617104,4.9179e-03
30.5666313,2.4418e-03
30.5690765,2.5048e-03
30.5715866,3.6369e-01
30.9352837,1.1068e-02
30.9463558,2.8675e-03
30.9492378,7.5011e-03
30.9567432,2.6791e-03
30.9594269,3.2428e-03
30.9626713,5.7815e-03
30.9684563,6.5470e-02
31.0339298,2.5131e-03
31.0364475,1.0853e-02
31.0473061,6.6908e-03
31.0539989,1.7411e-03
31.0557442,1.1215e-02
31.0669651,1.1035e-02
31.0780048,2.3855e-03
31.0803928,4.8322e-02
31.1287193,3.1517e-03
31.1318741,5.6542e-03
31.1375294,2.3073e-02
31.1606064,5.3373e-03
31.1659489,2.4827e-03
31.1684361,2.8491e-03
31.1712894,2.6198e-03
31.1739120,1.8781e-02
31.1926975,1.5815e-02
31.2085171,2.0803e-03
31.2106018,2.6631e-03
31.2132702,2.7225e-03
31.2159958,2.5609e-03
31.2185612,2.7908e-03
31.2213554,1.9436e-03
31.2233028,2.6770e-03
31.2259827,3.7171e-03
31.2297039,3.2854e-03
31.2329922,8.7215e-02
31.3202114,2.0195e-02
31.3404102,7.8039e-03
31.3482189,2.3374e-03
31.3505611,3.9622e-03
31.3545265,1.1147e-02
31.3656788,1.1914e-02
31.3775959,1.7200e-02
31.3948021,4.1204e-03
31.3989258,2.3123e-03
31.4012413,3.2015e-02
31.4332619,8.6179e-01
32.2950516,1.3409e-02
32.3084679,1.4543e-01
32.4539032,2.0125e-02
32.4740334,8.6905e-03
32.4827271,9.1189e-02
32.5739212,2.7357e-03
32.5766602,1.5509e-01
32.7317543,1.6211e-02
32.7479706,2.2720e-02
32.7706947,1.7733e-03
32.7724724,1.7184e-03
32.7741966,1.2931e-03
32.7754936,1.7937e-03
32.7772903,2.0119e-03
32.7793083,1.5016e-03
32.7808151,1.3296e-02
32.7941170,2.0154e-02
32.8142776,1.1734e-03
32.8154526,1.8741e-02
32.8341980,2.0999e-02
32.8552017,1.5084e-03
32.8567123,2.3803e-03
32.8590965,1.6729e-03
32.8607750,2.4218e-02
32.8849983,2.0728e-03
32.8870735,2.2211e-03
32.8892975,6.2602e-03
32.8955612,1.3223e-02
32.9087906,2.2807e-03
32.9110756,3.2334e-03
32.9143105,2.8068e-03
32.9171257,2.8434e-03
32.9199715,1.2569e-02
32.9325447,1.7497e-03
32.9342957,1.0402e-02
32.9447060,1.2823e-02
32.9575310,7.9048e-03
32.9654388,1.6304e-02
32.9817467,4.2367e-03
32.9859886,1.6414e-01
33.1501274,1.1255e-02
33.1613884,1.3753e-02
33.1751442,6.7495e-03
33.1818962,2.4580e-03
33.1843605,2.4321e-02
33.2086830,1.7309e-02
33.2259941,2.5555e-03
33.2285538,1.2018e-02
33.2405777,1.1688e-03
33.2417488,6.6718e-03
33.2484245,5.5238e-03
33.2539520,1.3546e-02
33.2675018,1.1845e-02
33.2793503,1.6946e-03
33.2810478,1.9985e-03
33.2830505,9.5010e-03
33.2925568,1.8082e-02
33.3106422,2.6510e-03
33.3132973,1.8284e-02
33.3315849,1.7573e-02
33.3491592,1.8505e-03
33.3510170,2.0510e-02
33.3715286,1.6021e-03
33.3731346,2.7154e-03
33.3758545,1.4298e-02
33.3901558,2.4521e-03
33.3926125,1.6201e-02
33.4088173,1.6724e-02
33.4255447,1.8967e-03
33.4274445,2.1983e-03
33.4296455,1.7736e-03
33.4314232,1.6438e-02
33.4478645,1.5638e-02
33.4635086,2.3965e-03
33.4659081,1.9536e-03
33.4678650,6.6444e-02
33.5343132,2.2474e-03
33.5365639,1.8344e-02
33.5549126,1.8827e-02
33.5737419,3.6160e-03
33.5773621,1.3973e-01
33.7171021,7.2617e-03
33.7243652,1.3743e-03
33.7257462,2.9918e-03
33.7287407,1.3016e-02
33.7417603,2.3109e-01
33.9728622,9.7523e-01
34.9481010,2.0469e-03
34.9501495,5.3107e-03
34.9554634,2.2432e-01
35.1797943,2.4318e-02
35.2041168,1.6916e-03
35.2058105,2.8725e-02
35.2345390,1.3025e-02
35.2475700,1.9830e-03
35.2495575,1.0084e-02
35.2596474,2.4748e-02
35.2843971,1.2795e-02
35.2971992,1.8623e-03
35.2990646,4.3804e-02
35.3428688,1.8198e-03
35.3446922,6.6550e-03
35.3513527,2.6039e-01
35.6117439,1.5152e-03
35.6132622,1.1061e-02
35.6243248,1.1507e-02
35.6358376,9.6175e-04
35.6368027,6.7516e-01
36.3119659,6.3020e-04
36.3125992,1.1494e-03
36.3137512,1.1738e-03
36.3149300,2.8642e-02
36.3435783,2.0328e-03
36.3456154,2.7601e-03
36.3483772,1.2891e-03
36.3496704,1.7681e-03
36.3514442,3.2149e-03
36.3546638,1.3992e-03
36.3560638,1.8530e-03
36.3579216,6.0018e-03
36.3639259,9.3106e-02
36.4570389,9.7561e-03
36.4667969,5.5230e-03
36.4723244,2.8159e-02
36.5004845,1.2264e-02
36.5127525,1.0142e-01
36.6141777,9.2116e-03
36.6233940,9.5896e-03
36.6329880,1.8635e-01
36.8193398,4.2130e-03
36.8235550,2.7268e-03
36.8262863,3.1769e-03
36.8294640,1.7458e-01
37.0040436,2.9470e-02
37.0335197,1.8097e-03
37.0353317,2.6816e-02
37.0621529,1.2976e-03
37.0634499,1.6552e-03
37.0651093,1.4745e-03
37.0665894,1.7243e-02
37.0838356,1.3021e-02
37.0968590,1.4838e-03
37.0983467,1.0245e-02
37.1085968,1.8015e-02
37.1266136,2.0104e-03
37.1286278,1.1193e-02
37.1398239,2.5831e-03
37.1424103,1.6981e-03
37.1441116,8.1474e-03
37.1522713,1.3004e-03
37.1535721,1.6052e-03
37.1551819,1.7864e-02
37.1730499,1.0753e-03
37.1741295,1.6850e-03
37.1758156,1.2980e-02
37.1888008,1.8431e-03
37.1906471,1.4281e-03
37.1920776,1.5038e-03
37.1935844,6.0737e-03
37.1996613,1.0798e-03
37.2007446,1.4921e-03
37.2022438,1.4625e-02
37.2168694,1.7091e-02
37.2339668,2.1565e-02
37.2555351,4.9168e-02
37.3047104,3.1481e-03
37.3078651,2.4794e-03
37.3103485,1.7361e-02
37.3277130,1.3500e-03
37.3290672,2.0742e-02
37.3498116,2.0052e-02
37.3698654,5.1189e-02
37.4210587,1.7226e-02
37.4382896,1.7772e-03
37.4400711,1.6866e-03
37.4417610,1.1117e-02
37.4528847,3.1305e-03
37.4560165,1.6751e-02
37.4727745,7.3599e-03
37.4801369,5.3576e-03
37.4855003,1.4333e-03
37.4869347,1.4937e-03
37.4884338,3.6930e-02
37.5253639,3.2788e-02
37.5581589,1.0910e-03
37.5592499,1.2921e-03
37.5605469,1.6271e-03
37.5621758,1.0114e-03
37.5631905,1.4662e-03
37.5646591,1.5348e-03
37.5661964,2.0010e-03
37.5682030,1.7553e-01
37.7437363,3.7151e-02
37.7808876,1.2743e-02
37.7936363,1.8870e-03
37.7955284,1.8090e-03
37.7973366,1.5875e-03
37.7989311,6.3986e-02
37.8629189,2.5570e-02
37.8884964,1.8509e-03
37.8903503,2.1304e-03
37.8924828,1.2311e-03
37.8937187,1.5280e-01
38.0465279,3.4478e-03
38.0499763,1.4129e-01
38.1912727,2.0253e-03
38.1933022,1.5162e-03
38.1948204,2.0808e-03
38.1969070,3.2978e-03
38.2002068,1.3320e-03
38.2015419,1.6899e-03
38.2032356,1.6054e-03
38.2048454,1.8133e-03
38.2066650,2.0972e-03
38.2087669,2.0344e-03
38.2108040,1.8793e-03
38.2126884,3.4271e-03
38.2161217,1.8831e-03
38.2180061,2.3791e-03
38.2203903,1.5689e-03
38.2219620,2.0542e-03
38.2240181,1.4208e-02
38.2382317,1.9132e-03
38.2401466,2.4549e-03
38.2426071,2.5284e-03
38.2451401,2.1734e-03
38.2473183,1.7215e-03
38.2490425,1.4861e-03
38.2505341,2.2923e-03
38.2528305,1.4024e-03
38.2542343,1.3724e-03
38.2556114,1.6598e-03
38.2572746,1.1948e-03
38.2584724,8.9912e-04
38.2593727,1.7942e-02
38.2773209,3.3164e-02
38.3104858,3.4587e-03
38.3139496,4.7044e-03
38.3186531,2.2929e-03
38.3209496,1.9367e-03
38.3228912,1.3093e-03
38.3241997,1.1663e-03
38.3253708,1.4771e-03
38.3268509,1.2484e-03
38.3281021,5.7262e-02
38.3853683,1.3751e-03
38.3867455,4.4929e-02
38.4316788,1.8737e-02
38.4504204,1.9429e-02
38.4698524,9.0025e-04
38.4707565,1.1071e-03
38.4718666,5.4159e-02
38.5260277,1.3020e-03
38.5273323,2.8460e-03
38.5301819,1.8283e-02
38.5484695,1.9369e-02
38.5678406,3.4729e-03
38.5713196,8.8062e-02
38.6593857,9.0497e-03
38.6684380,2.5946e-02
38.6943893,1.7358e-02
38.7117500,1.0540e-01
38.8171577,1.0179e-03
38.8181763,1.0351e-02
38.8285332,1.9008e-03
38.8304367,1.9585e-02
38.8500252,4.4030e-02
38.8940582,3.9666e-03
38.8980293,1.7739e-02
38.9157715,1.9986e-02
38.9357643,1.5928e-03
38.9373589,1.7877e-02
38.9552383,7.4322e-02
39.0295639,7.8320e-02
39.1078873,2.7608e-02
39.1355019,8.5057e-03
39.1440125,1.9000e-03
39.1459160,7.8133e-02
39.2240524,4.4657e-02
39.2687149,1.5014e-03
39.2702179,1.6183e-03
39.2718391,7.5141e-02
39.3469849,1.9164e-03
39.3489037,1.2117e-03
39.3501205,5.8391e-02
39.4085159,4.2152e-02
39.4506721,1.3700e-03
39.4520416,1.0409e-03
39.4530869,9.9742e-04
39.4540863,3.9851e-02
39.4939423,1.1113e-03
39.4950562,1.5827e-03
39.4966393,8.3867e-03
39.5050316,6.0424e-03
39.5110779,3.0552e-02
39.5416336,1.4552e-02
39.5561867,1.2580e-02
39.5687714,1.4046e-02
39.5828209,1.7919e-01
39.7620201,2.9453e-02
39.7914734,7.7579e-02
39.8690567,3.5790e-02
39.9048538,1.1544e-03
39.9060097,2.2135e-03
39.9082260,1.6842e-03
39.9099197,1.3723e-03
39.9112930,3.2042e-02
39.9433403,8.6216e-02
40.0295601,2.5565e-03
40.0321198,2.9054e-02
40.0611763,1.3281e-03
40.0625114,1.1292e-02
40.0738068,1.1179e-02
40.0849915,5.8419e-03
40.0908394,1.5736e-01
40.2481956,1.1098e-03
40.2493095,2.1430e-02
40.2707443,7.9904e-02
40.3506508,3.5196e-02
40.3858490,1.6029e-01
40.5461464,4.0076e-02
40.5862274,1.4245e-03
40.5876579,1.1198e-03
40.5887794,1.9993e-03
40.5907860,2.8750e-02
40.6195374,3.0293e-02
40.6498375,1.4260e-03
40.6512680,8.1700e-01
41.4682732,2.5677e-03
41.4708481,2.9294e-01
41.7637939,7.4650e-03
41.7712631,7.6611e-03
41.7789307,1.2215e-01
41.9010811,2.5866e-02
41.9269485,5.4929e-02
41.9818840,1.1138e-02
41.9930267,2.7350e-02
42.0203781,1.7291e-03
42.0221138,8.2416e-03
42.0303574,1.3847e-01
42.1688347,1.6444e-03
42.1704826,1.2685e-03
42.1717567,1.8352e-02
42.1901131,1.2262e-03
42.1913414,2.0238e-03
42.1933670,2.0255e-03
42.1953964,3.3812e-02
42.2292137,1.2990e-03
42.2305145,1.2072e-03
42.2317238,1.6264e-03
42.2333527,1.9697e-03
42.2353249,1.3471e-03
42.2366753,1.1879e-03
42.2378654,1.4280e-03
42.2392960,1.3922e-03
42.2406921,1.7141e-03
42.2424088,1.5611e-03
42.2439728,1.5143e-03
42.2454872,1.5088e-03
42.2469978,1.3349e-03
42.2483368,2.6341e-02
42.2746811,5.9600e-02
42.3342857,3.6059e-02
42.3703499,1.5339e-03
42.3718872,1.6584e-03
42.3735466,1.8467e-03
42.3753967,1.6478e-03
42.3770447,1.4434e-03
42.3784904,1.6235e-03
42.3801193,2.2197e-03
42.3823395,1.2971e-03
42.3836403,1.5424e-03
42.3851852,1.4600e-03
42.3866463,1.4707e-03
42.3881226,2.3238e-02
42.4113617,1.5969e-03
42.4129639,2.3518e-03
42.4153175,1.6006e-03
42.4169197,1.2045e-03
42.4181290,8.5716e-03
42.4267006,4.3272e-03
42.4310303,1.8982e-03
42.4329338,3.6281e-02
42.4692154,1.4739e-03
42.4706917,1.6037e-03
42.4722977,1.9024e-03
42.4742012,1.5707e-03
42.4757767,1.5280e-03
42.4773102,1.2477e-02
42.4897919,1.2783e-03
42.4910736,2.5180e-03
42.4935951,1.6351e-02
42.5099487,6.6385e-02
42.5763397,9.0895e-04
42.5772514,7.9736e-03
42.5852280,1.1058e-03
42.5863342,3.8639e-02
42.6249771,3.5428e-02
42.6604118,1.2615e-03
42.6616745,1.0581e-03
42.6627388,1.6239e-03
42.6643639,9.9516e-02
42.7638817,1.0128e-01
42.8651657,3.7999e-03
42.8689690,1.9685e-03
42.8709450,5.8383e-02
42.9293327,1.4906e-03
42.9308243,6.1407e-02
42.9922371,1.9721e-03
42.9942131,2.0980e-02
43.0151978,1.4905e-03
43.0166931,6.3829e-02
43.0805244,1.5035e-03
43.0820312,7.8155e-03
43.0898514,1.4965e-01
43.2395020,3.4915e-03
43.2430000,1.3647e-02
43.2566528,4.4473e-02
43.3011322,1.6612e-02
43.3177452,1.4983e-03
43.3192482,3.4997e-02
43.3542480,3.9902e-02
43.3941574,1.2897e-03
43.3954506,4.0821e-02
43.4362755,1.3304e-03
43.4376068,1.4475e-03
43.4390602,4.9116e-02
43.4881783,1.6342e-03
43.4898148,1.2986e-03
43.4911156,1.1043e-03
43.4922256,1.5950e-03
43.4938202,1.2131e-03
43.4950371,1.3512e-03
43.4963913,1.3239e-03
43.4977188,1.6645e-02
43.5143661,1.4464e-03
43.5158157,1.3733e-01
43.6531487,1.6760e-03
43.6548271,1.7986e-03
43.6566277,2.0374e-03
43.6586685,1.7044e-03
43.6603775,1.6438e-03
43.6620216,1.5072e-03
43.6635323,1.5832e-03
43.6651192,2.0032e-03
43.6671257,1.3414e-03
43.6684685,1.5540e-03
43.6700249,6.3028e-03
43.6763306,1.6567e-03
43.6779900,1.4363e-03
43.6794319,1.6211e-03
43.6810532,1.8320e-03
43.6828880,9.7984e-04
43.6838722,1.2622e-03
43.6851349,1.5149e-03
43.6866531,9.5394e-04
43.6876106,1.2228e-03
43.6888390,3.4811e-02
43.7236557,1.7563e-02
43.7412224,1.3666e-02
43.7548904,1.4184e-03
43.7563133,1.5324e-03
43.7578468,2.5759e-03
43.7604256,1.9092e-03
43.7623405,1.7402e-03
43.7640839,4.6073e-03
43.7686958,5.0885e-03
43.7737885,2.8582e-03
43.7766495,2.4709e-03
43.7791252,1.0988e-03
43.7802277,1.6412e-03
43.7818718,1.4165e-02
43.7960434,1.7781e-03
43.7978287,2.5239e-03
43.8003540,1.2837e-03
43.8016434,2.8267e-02
43.8299141,6.3040e-03
43.8362198,2.1019e-03
43.8383255,1.3965e-02
43.8522987,1.4815e-03
43.8537865,1.1247e-03
43.8549156,1.3126e-03
43.8562279,1.1512e-03
43.8573837,2.7721e-02
43.8851089,1.6963e-03
43.8868103,2.1513e-03
43.8889656,1.5667e-03
43.8905334,1.5714e-03
43.8921089,1.8644e-03
43.8939743,1.6994e-03
43.8956757,1.2908e-03
43.8969727,1.1575e-03
43.8981323,1.4979e-03
43.8996353,1.3129e-03
43.9009514,1.2840e-03
43.9022369,1.2682e-03
43.9035072,1.9052e-03
43.9054184,1.3634e-03
43.9067841,2.2158e-03
43.9090042,2.6234e-03
43.9116325,2.1345e-03
43.9137688,1.8073e-03
43.9155807,1.5389e-03
43.9171257,1.7258e-03
43.9188538,1.2757e-03
43.9201317,9.9842e-03
43.9301224,1.2608e-03
43.9313850,1.0623e-03
43.9324532,1.4566e-03
43.9339104,2.4338e-02
43.9582520,1.1062e-03
43.9593620,1.5545e-01
44.1148148,1.0409e-02
44.1252251,1.3660e-01
44.2618256,1.1036e-03
44.2629318,9.2521e-04
44.2638626,4.6515e-02
44.3103828,1.8891e-03
44.3122749,1.3831e-03
44.3136597,1.8127e-03
44.3154755,1.5057e-02
44.3305359,1.6585e-03
44.3321991,1.3895e-03
44.3335915,1.6111e-03
44.3352051,1.5540e-03
44.3367615,1.6760e-03
44.3384399,1.2379e-03
44.3396797,1.4328e-03
44.3411140,1.5819e-03
44.3427010,1.5353e-03
44.3442383,2.2758e-03
44.3465157,1.9017e-03
44.3484192,1.7643e-03
44.3501854,1.1083e-03
44.3512993,1.4552e-03
44.3527565,1.4917e-03
44.3542519,1.4604e-03
44.3557167,1.2443e-03
44.3569641,2.0864e-03
44.3590546,1.5791e-01
44.5169716,1.1650e-03
44.5181389,1.3670e-03
44.5195122,3.8031e-02
44.5575447,1.5131e-03
44.5590630,2.0097e-03
44.5610771,1.6626e-03
44.5627441,7.9364e-02
44.6421089,1.5988e-03
44.6437111,2.5427e-03
44.6462593,8.3440e-03
44.6546059,8.0450e-02
44.7350616,1.4141e-03
44.7364769,1.0781e-02
44.7472649,1.2011e-03
44.7484665,1.1986e-03
44.7496681,2.0535e-02
44.7702103,1.7151e-03
44.7719269,1.8524e-03
44.7737846,9.9945e-04
44.7747841,1.0743e-01
44.8822174,1.7892e-03
44.8840103,1.0794e-03
44.8850899,3.4780e-03
44.8885727,1.7613e-03
44.8903351,1.8631e-03
44.8922005,1.7989e-03
44.8940048,3.7363e-02
44.9313736,2.0999e-03
44.9334755,1.4786e-03
44.9349556,1.4434e-03
44.9364014,4.6516e-02
44.9829216,1.6508e-03
44.9845772,1.5593e-03
44.9861374,1.6796e-03
44.9878197,3.2830e-02
45.0206566,1.6294e-03
45.0222893,1.9007e-03
45.0241928,1.0886e-03
45.0252838,1.3006e-03
45.0265884,1.4613e-01
45.1727180,1.1586e-03
45.1738815,1.5481e-01
45.3286934,1.3068e-03
45.3300056,1.0066e-03
45.3310127,9.4084e-03
45.3404274,2.7933e-02
45.3683624,1.6624e-03
45.3700294,1.4864e-03
45.3715172,3.5945e-03
45.3751144,4.5726e-02
45.4208450,1.7736e-02
45.4385834,9.9524e-02
45.5381126,1.7125e-03
45.5398293,1.5341e-03
45.5413666,1.3001e-03
45.5426674,1.5524e-03
45.5442238,1.4624e-03
45.5456886,1.7388e-03
45.5474319,8.6944e-03
45.5561295,1.3024e-02
45.5691566,2.4316e-03
45.5715904,1.1389e-03
45.5727310,1.7247e-03
45.5744591,2.4643e-03
45.5769234,1.6288e-03
45.5785561,1.6072e-03
45.5801697,1.8824e-03
45.5820541,2.1126e-03
45.5841713,2.1770e-02
45.6059456,2.1427e-03
45.6080894,1.5156e-02
45.6232491,1.0090e+00
46.6322403,6.8581e-03
46.6391068,8.3142e-02
46.7222519,5.6270e-02
46.7785263,3.0707e-02
46.8092346,1.8015e-01
46.9893913,1.3060e-03
46.9907036,1.4861e-03
46.9921913,1.3371e-03
46.9935341,2.6859e-01
47.2621307,1.1890e-03
47.2633209,1.2355e-03
47.2645607,6.8042e-01
47.9449806,6.1601e-04
47.9456024,4.9759e-04
47.9461021,5.4545e-04
47.9466476,6.9287e-04
47.9473457,5.5805e-04
47.9479065,5.9837e-04
47.9485054,6.6732e-04
47.9491768,6.2853e-04
47.9498062,6.7244e-04
47.9504814,6.9791e-04
47.9511795,7.3097e+00
55.2608566,5.2023e-02
55.3128815,9.4703e-04
55.3138351,3.2105e-02
55.3459435,8.8211e-03
55.3547668,1.5108e-02
55.3698807,1.0885e-03
55.3709717,4.3262e+00
59.6971321,1.5393e-01
59.8510666,1.5842e-03
59.8526535,1.7221e-03
59.8543777,1.7012e-03
59.8560829,1.5938e-03
59.8576813,1.3165e-03
59.8590012,1.5558e-03
59.8605576,3.6436e-02
59.8969994,1.3902e-03
59.8983917,8.3929e-02
59.9823227,1.3988e-03
59.9837265,4.6316e-02
60.0300446,8.9569e-02
60.1196213,1.3436e-03
60.1209679,1.3246e-03
60.1222954,1.4469e-03
60.1237450,3.4343e-03
60.1271820,1.6520e-03
60.1288376,1.8235e-03
60.1306686,1.8154e-03
60.1324883,1.5518e-03
60.1340446,1.3743e-03
60.1354218,1.5056e-03
60.1369286,1.1594e-03
60.1380882,1.4537e-03
60.1395454,1.4327e-03
60.1409798,1.0808e-03
60.1420631,1.1217e-03
60.1431885,2.1139e-03
60.1453056,1.4278e-03
60.1467361,1.8429e-03
60.1485825,1.2150e-03
60.1497993,1.8010e-03
60.1516037,1.2745e-03
60.1528816,2.9924e-03
60.1558762,1.6659e-03
60.1575470,1.8563e-03
60.1594048,1.6156e-03
60.1610260,1.7755e-03
60.1628036,1.1318e-03
60.1639366,1.3907e-03
60.1653328,1.9338e-03
60.1672668,1.2453e-03
60.1685181,1.3919e-03
60.1699104,1.6876e-03
60.1716042,1.3891e-03
60.1729965,1.6103e-03
60.1746101,1.6657e-03
60.1762810,1.5653e-03
60.1778488,1.7915e-03
60.1796455,1.6108e-03
60.1812592,2.2347e-03
60.1834984,1.7288e-03
60.1852303,1.2699e-03
60.1865044,1.6988e-03
60.1882057,1.8375e-03
60.1900482,1.2662e-03
60.1913147,1.3850e-03
60.1927032,1.5049e-03
60.1942101,1.1356e-03
60.1953506,1.4702e-03
60.1968231,1.9007e-03
60.1987305,1.6148e-03
60.2003479,1.2288e-03
60.2015800,1.5236e-03
60.2031059,1.4391e-03
60.2045479,2.5362e-03
60.2070885,1.3253e-03
60.2084160,1.7514e-03
60.2101707,4.1559e-02
60.2517357,1.7514e-03
60.2534904,9.3428e-03
60.2628365,3.1950e-01
60.5823364,1.3699e-03
60.5837135,1.0710e-01
60.6908150,4.0684e-01
61.0976601,1.4457e-03
61.0991096,2.0084e-03
61.1011200,1.0896e-03
61.1022148,8.0380e-02
61.1826019,1.3604e-03
61.1839638,1.1737e-03
61.1851425,2.0340e-03
61.1871796,5.2979e-02
61.2401657,1.6872e-03
61.2418556,1.4416e-03
61.2432976,1.3377e-03
61.2446404,1.2182e-03
61.2458611,1.7200e-03
61.2475853,1.7511e-03
61.2493401,1.7238e-01
61.4217186,1.8089e-03
61.4235306,3.0551e-03
61.4265900,1.9265e-03
61.4285202,2.0316e-02
61.4488373,1.1764e-02
61.4606056,1.2816e-03
61.4618912,2.0947e-03
61.4639893,1.3251e-03
61.4653168,1.8186e-03
61.4671402,1.4822e-03
61.4686241,1.7870e-03
61.4704170,1.5053e-03
61.4719238,1.1547e-03
61.4730797,1.1833e-03
61.4742661,1.3762e-03
61.4756470,1.2241e-03
61.4768753,1.5317e-03
61.4784088,1.2055e-03
61.4796181,1.5274e-03
61.4811478,1.2040e-03
61.4823570,2.1674e-03
61.4845276,1.4688e-03
61.4860001,1.4490e-03
61.4874496,1.9661e-03
61.4894218,1.6046e-02
61.5054703,1.1144e-03
61.5065880,1.1523e-03
61.5077438,2.5192e-03
61.5102654,1.5309e-03
61.5117989,1.8763e-03
61.5136795,1.6391e-03
61.5153236,1.9793e-03
61.5173035,1.4529e-03
61.5187645,1.6924e-03
61.5204582,1.2094e-03
61.5216713,2.5283e-03
61.5242004,1.9082e-03
61.5261154,1.9547e-03
61.5280724,1.5715e-03
61.5296478,1.5379e-03
61.5311890,1.7226e-03
61.5329132,1.8047e-03
61.5347252,1.7787e-03
61.5365067,1.5590e-03
61.5380707,1.7434e-03
61.5398178,1.5459e-03
61.5413666,1.4889e-03
61.5428619,1.1865e-03
61.5440483,1.6763e-03
61.5457268,1.2924e-03
61.5470238,1.5531e-03
61.5485802,1.4265e-03
61.5500069,1.3789e-03
61.5513916,2.0339e-03
61.5534248,1.4536e-03
61.5548820,1.1228e-03
61.5560074,1.7427e-03
61.5577545,5.8796e-02
61.6165543,9.7679e-02
61.7142372,1.4758e-03
61.7157173,1.6571e-03
61.7173767,4.0026e-02
61.7574081,1.2318e-03
61.7586403,1.3992e-03
61.7600441,1.3704e-03
61.7614174,3.6605e-03
61.7650833,9.2993e-02
61.8580818,1.5057e-03
61.8595924,6.0117e-02
61.9197121,1.4385e-03
61.9211540,1.3252e-03
61.9224815,1.4405e-03
61.9239235,1.2738e-03
61.9252014,1.8144e-03
61.9270172,1.7334e-03
61.9287529,1.7334e-03
61.9304886,1.5793e-03
61.9320717,1.4995e-03
61.9335747,1.5359e-03
61.9351120,1.7591e-03
61.9368744,1.4070e-03
61.9382820,1.6822e-03
61.9399681,1.7603e-03
61.9417305,1.2643e-03
61.9429970,1.6492e-03
61.9446487,1.4109e-03
61.9460640,1.4543e-03
61.9475212,2.2086e-03
61.9497299,7.2526e-03
61.9569855,1.6647e-03
61.9586525,2.6340e-02
61.9849968,1.8274e-03
61.9868279,4.2576e-03
61.9910889,4.1218e-02
62.0323105,1.2266e-03
62.0335388,1.7483e-03
62.0352898,1.9325e-03
62.0372276,1.5163e-03
62.0387459,1.6371e-03
62.0403862,1.8453e-03
62.0422325,1.8559e-03
62.0440903,1.4785e-03
62.0455704,1.5383e-03
62.0471115,1.5813e-03
62.0486946,1.6867e-03
62.0503845,1.3611e-03
62.0517502,9.8081e-03
62.0615578,2.4551e-03
62.0640182,1.3760e-01
62.2016220,1.4454e-03
62.2030678,1.8656e-03
62.2049370,1.1236e-01
62.3172951,1.3709e-03
62.3186722,1.5223e-03
62.3201942,1.3506e-03
62.3215485,1.4900e-03
62.3230400,1.2937e-03
62.3243370,8.1048e-03
62.3324471,1.3416e-03
62.3337898,1.1101e-01
62.4448013,1.1808e-03
62.4459839,1.0826e-03
62.4470711,1.4457e-03
62.4485207,1.6724e-03
62.4501953,3.6781e-02
62.4869804,1.7070e-03
62.4886894,7.6664e-02
62.5653572,2.3787e-03
62.5677414,2.4080e-01
62.8085442,1.4222e-03
62.8099709,2.1207e-01
63.0220413,1.6037e-03
63.0236511,1.6140e-03
63.0252686,1.4822e-03
63.0267525,1.9339e-01
63.2201462,1.4439e-03
63.2215919,8.8483e-04
63.2224808,1.4806e-03
63.2239647,1.4783e-03
63.2254486,1.3868e-03
63.2268410,6.2056e-02
63.2888985,1.8001e-02
63.3069038,1.5535e-03
63.3084602,7.1535e-02
63.3800011,1.7309e-03
63.3817329,1.5308e-03
63.3832664,6.8494e-02
63.4517670,1.1420e-03
63.4529114,1.1144e-03
63.4540291,2.6748e-02
63.4807816,1.1519e-03
63.4819374,1.2656e-03
63.4832039,1.2724e-03
63.4844818,2.2263e-02
63.5067482,2.9027e-01
63.7970238,1.5007e-03
63.7985306,1.3706e-03
63.7999039,1.2458e-03
63.8011551,1.8006e-03
63.8029594,1.7136e-03
63.8046799,1.6524e-03
63.8063393,1.2812e-03
63.8076210,1.4916e-03
63.8091164,5.2533e-02
63.8616562,1.6853e-03
63.8633423,2.7955e-01
64.1428909,1.8795e-03
64.1447754,1.6348e-03
64.1464157,1.6787e-03
64.1480942,1.8030e-03
64.1499023,1.3653e-01
64.2864380,4.4984e-02
64.3314285,1.1051e-03
64.3325348,1.6786e-03
64.3342209,1.6025e-03
64.3358231,7.5361e-02
64.4111862,1.6018e-03
64.4127960,1.2352e-03
64.4140320,1.4308e-03
64.4154663,5.1614e-03
64.4206314,1.4346e-03
64.4220734,1.7157e-03
64.4237900,9.6063e-02
64.5198593,1.5212e-03
64.5213852,1.4713e-03
64.5228577,1.5942e-03
64.5244598,1.3046e-03
64.5257645,3.4786e-01
64.8736343,1.4466e-02
64.8881073,1.8964e-03
64.8900070,1.3851e-03
64.8913956,1.7610e-03
64.8931656,1.5217e-02
64.9083862,1.3286e-03
64.9097214,6.1137e-03
64.9158401,8.3577e-02
64.9994202,2.4973e-02
65.0243988,1.4163e-03
65.0258179,1.7665e-03
65.0275879,1.2642e-03
65.0288544,1.4766e-03
65.0303345,1.5997e-03
65.0319366,1.5001e-03
65.0334396,7.9232e-02
65.1126785,2.4000e-03
65.1150818,5.6558e-02
65.1716461,1.3899e-03
65.1730347,1.7139e-03
65.1747589,1.3307e-03
65.1760864,5.2867e-02
65.2289581,5.5080e-02
65.2840424,2.7255e-02
65.3113022,8.8471e-01
66.1960220,2.1050e-01
66.4065247,1.2918e-02
66.4194489,9.5705e-03
66.4290237,8.4954e-03
66.4375229,8.1586e-03
66.4456787,6.6419e-03
66.4523239,6.5390e-03
66.4588699,1.0719e-02
66.4695892,1.1405e-02
66.4810028,1.2307e-02
66.4933167,1.4749e-02
66.5080643,8.0225e-03
66.5160904,7.8415e-03
66.5239410,5.1133e-01
67.0352707,1.0760e-02
67.0460358,1.4996e-03
67.0475388,1.7204e-02
67.0647507,2.4075e-01
67.3055038,9.4367e-02
67.3998718,9.6878e-02
67.4967575,1.4295e-03
67.4981918,1.4712e-03
67.4996643,1.2950e-03
67.5009613,1.8960e-01
67.6905670,1.5891e-03
67.6921616,7.6234e-02
67.7684021,1.2584e-03
67.7696609,1.4193e-03
67.7710876,1.5121e-03
67.7725983,2.1214e-03
67.7747269,1.2397e-03
67.7759705,1.3974e-03
67.7773743,1.4275e-03
67.7788010,1.5671e-03
67.7803726,3.2908e-03
67.7836685,1.0936e-03
67.7847672,1.4601e-03
67.7862320,1.5255e-03
67.7877579,1.2412e-03
67.7890015,1.2917e-03
67.7902985,1.0599e-03
67.7913666,1.5148e-03
67.7928848,1.4155e-03
67.7943039,1.9828e-03
67.7962875,1.2098e-03
67.7975006,1.3957e-03
67.7989044,1.4095e-03
67.8003159,2.9095e-03
67.8032303,1.1184e-03
67.8043518,1.6359e-03
67.8059921,1.6704e-03
67.8076630,1.2964e-03
67.8089676,1.8148e-03
67.8107834,1.2865e-03
67.8120728,1.5626e-03
67.8136368,1.8479e-03
67.8154907,1.2392e-03
67.8167343,1.1284e-03
67.8178711,1.5940e-03
67.8194656,1.0485e-03
67.8205185,1.4933e-03
67.8220139,1.2161e-03
67.8232346,1.3031e-03
67.8245392,1.8579e-02
67.8431244,1.4018e-03
67.8445358,1.5867e-03
67.8461227,1.7664e-03
67.8478928,1.2907e-03
67.8491898,1.6436e-03
67.8508377,3.6690e-01
68.2177429,2.2441e-01
68.4421616,1.5588e-03
68.4437256,1.4136e-03
68.4451370,1.5140e-03
68.4466553,8.9491e-04
68.4475555,1.3016e-03
68.4488602,1.2824e-03
68.4501419,1.5101e-03
68.4516602,1.3859e-03
68.4530487,1.8824e-03
68.4549332,2.2632e-03
68.4571991,3.2315e-01
68.7803574,2.2713e-03
68.7826309,5.3243e-02
68.8358841,3.7491e-03
68.8396378,6.0741e-01
69.4470520,1.7464e-03
69.4488068,1.3853e-03
69.4501953,1.2250e-03
69.4514236,1.3739e-03
69.4528046,1.2208e-03
69.4540329,2.0262e-03
69.4560623,1.6713e-03
69.4577408,1.3576e-03
69.4590988,1.2279e-03
69.4603348,1.4396e-03
69.4617767,3.1964e-03
69.4649734,2.1985e-01
69.6848297,6.1079e-03
69.6909409,6.0059e-03
69.6969528,5.0796e-03
69.7020340,5.4104e-03
69.7074509,4.5125e-03
69.7119675,6.8522e-02
69.7804947,1.4628e-03
69.7819595,1.6404e-03
69.7836075,1.2184e-03
69.7848282,1.3384e-03
69.7861710,3.4213e-02
69.8203812,1.4250e-03
69.8218155,3.5811e-02
69.8576279,2.0134e-02
69.8777695,4.7552e-03
69.8825226,5.3060e-03
69.8878326,1.7069e-03
69.8895416,1.3283e-03
69.8908768,2.5943e-02
69.9168243,9.2787e-02
70.0096130,4.7009e-03
70.0143204,1.6797e-03
70.0159988,1.7189e-03
70.0177231,1.4460e-03
70.0191727,1.1207e-03
70.0202942,1.8211e-03
70.0221176,1.5043e-03
70.0236282,2.1048e-02
70.0446777,2.0416e-03
70.0467224,1.5256e-03
70.0482559,1.4833e-03
70.0497360,1.3492e-03
70.0510864,1.1868e-03
70.0522842,1.3431e-02
70.0657120,6.9634e-02
70.1353531,1.6791e-03
70.1370316,9.6410e-01
71.1011429,1.3987e-03
71.1025467,1.4287e-03
71.1039734,1.3765e-02
71.1177444,1.6667e-03
71.1194153,1.8670e-03
71.1212845,1.3810e-03
71.1226730,1.7272e-03
71.1244049,1.4329e-03
71.1258392,2.0895e-01
71.3347931,1.0168e-02
71.3449631,1.3385e-03
71.3463058,1.6540e-03
71.3479614,8.4389e-02
71.4323578,7.7520e-03
71.4401093,1.5513e-03
71.4416656,1.4042e-02
71.4557114,3.2092e-01
71.7766342,4.6980e-03
71.7813416,1.5315e-03
71.7828751,1.7711e-03
71.7846451,1.7092e-03
71.7863617,1.2179e-03
71.7875824,3.2888e-03
71.7908859,1.4465e-03
71.7923355,1.3659e-03
71.7937012,1.0807e-03
71.7947922,1.4146e-03
71.7962112,6.1944e-03
71.8024063,1.0889e-03
71.8034973,2.6151e-03
71.8061142,1.6696e-03
71.8077927,1.8683e-02
71.8264771,1.2550e-03
71.8277359,6.0278e-02
71.8880157,7.6866e-03
71.8957062,2.6412e-03
71.8983536,2.6019e-02
71.9243698,1.8857e-03
71.9262619,7.6917e-03
71.9339523,2.0812e-03
71.9360428,1.4912e-03
71.9375305,1.3223e-03
71.9388580,1.8543e-03
71.9407120,8.7897e-03
71.9495087,2.1116e-03
71.9516220,5.6576e-03
71.9572830,3.0218e-03
71.9603119,2.8793e-03
71.9631882,9.5087e-04
71.9641418,1.6401e-03
71.9657898,1.6177e-03
71.9674072,1.5090e-03
71.9689178,1.7639e-03
71.9706879,2.6630e-02
71.9973221,1.5500e-03
71.9988708,1.8946e-03
72.0007706,1.2025e-02
72.0128021,4.9575e-02
72.0623779,4.9054e-03
72.0672913,3.3014e-01
72.3974304,1.3494e-03
72.3987885,1.3464e-03
72.4001389,1.6738e-03
72.4018097,1.0993e-03
72.4029160,2.0731e-02
72.4236526,1.3036e-03
72.4249573,4.5324e-02
72.4702835,1.5582e-03
72.4718475,1.3964e-03
72.4732437,1.4590e-03
72.4747086,7.4453e-02
72.5491638,1.2338e-01
72.6725464,1.3545e-03
72.6739044,1.2119e-03
72.6751175,1.2587e-03
72.6763763,1.7710e-03
72.6781540,1.6045e-03
72.6797638,4.9586e-02
72.7293472,1.4380e-03
72.7307892,1.2073e-03
72.7320023,2.9643e-01
73.0284271,1.4053e-03
73.0298462,8.1267e-03
73.0379715,2.8601e-02
73.0665817,1.3796e-01
73.2045441,1.2810e-03
73.2058258,1.2132e-03
73.2070389,4.8669e-02
73.2557144,1.3492e-03
73.2570648,9.6232e-03
73.2666931,1.3414e-03
73.2680435,2.5420e-01
73.5222473,1.7554e-03
73.5240097,1.7027e-03
73.5257111,1.5114e-03
73.5272293,2.0437e-03
73.5292740,1.5293e-01
73.6822128,1.3850e-03
73.6836014,1.3657e-03
73.6849670,1.5898e-03
73.6865616,1.3656e-03
73.6879349,1.3708e-03
73.6893082,1.7935e-02
73.7072449,9.7313e-04
73.7082214,2.2491e-01
73.9331284,3.0365e-02
73.9635010,1.5727e-03
73.9650803,2.3295e-03
73.9674149,1.5192e-03
73.9689331,1.8446e-03
73.9707794,1.7645e-03
73.9725494,1.5411e-03
73.9740906,1.0255e-03
73.9751205,1.2657e-03
73.9763947,1.6636e-03
73.9780579,2.0278e-03
73.9800873,1.5246e-03
73.9816208,1.2377e-03
73.9828568,4.7529e-03
73.9876175,1.6357e-03
73.9892578,1.3781e-03
73.9906387,8.2641e-02
74.0732803,1.6146e-03
74.0748978,1.4045e-03
74.0763092,1.9725e-03
74.0782852,1.3670e-03
74.0796509,1.1952e-03
74.0808563,1.6823e-03
74.0825424,1.2250e-03
74.0837708,1.6968e-03
74.0854721,1.5031e-03
74.0869751,1.5913e-03
74.0885696,1.9269e-01
74.2812653,1.7987e-03
74.2830658,1.6259e-03
74.2846909,1.6630e-03
74.2863617,1.5674e-03
74.2879333,2.9471e-02
74.3174133,1.7741e-03
74.3191833,1.6695e-03
74.3208618,1.3537e-03
74.3222122,1.7064e-03
74.3239212,1.6211e-03
74.3255463,1.5591e-03
74.3271103,1.5588e-03
74.3286743,1.9157e-03
74.3305893,1.5038e-03
74.3320923,1.8958e-03
74.3339920,1.9261e-03
74.3359222,1.5188e-03
74.3374481,1.2235e-03
74.3386688,1.6776e-03
74.3403473,1.6236e-03
74.3419800,1.5970e-03
74.3435745,1.1905e-03
74.3447723,1.4737e-03
74.3462448,2.1204e-03
74.3483658,1.3864e-01
74.4870148,1.4021e-03
74.4884186,1.5946e-03
74.4900131,1.6748e-03
74.4916916,7.2933e-03
74.4989929,9.5895e-03
74.5085831,2.0490e-03
74.5106354,1.3857e-03
74.5120239,1.4862e-03
74.5135193,1.6974e-03
74.5152206,1.9664e-03
74.5171890,1.5906e-03
74.5187759,1.5989e-03
74.5203781,1.8511e-03
74.5222321,7.9871e-02
74.6021118,1.4258e-03
74.6035385,1.4233e-01
74.7458725,1.8682e-01
74.9327011,1.9762e-03
74.9346848,2.0049e-03
74.9366913,1.2681e-03
74.9379654,1.3003e-03
74.9392700,1.8101e-03
74.9410782,1.5089e-03
74.9425964,1.4882e-03
74.9440842,1.2040e-03
74.9452896,1.7298e-03
74.9470215,1.5002e-03
74.9485245,1.3391e-03
74.9498672,5.1508e-02
75.0013809,1.1409e-03
75.0025253,1.2615e-03
75.0037918,1.2166e-03
75.0050125,1.9487e-03
75.0069656,1.3180e-03
75.0082855,1.6380e-03
75.0099258,1.3909e-03
75.0113220,1.9295e-03
75.0132523,1.7019e-03
75.0149536,1.4260e-03
75.0163879,1.3255e-03
75.0177155,1.4297e-03
75.0191422,1.8214e-03
75.0209656,1.3717e-03
75.0223465,1.6230e-03
75.0239716,1.3323e-03
75.0253067,2.0834e-03
75.0273895,2.0746e-03
75.0294647,1.5680e-03
75.0310364,1.2985e-03
75.0323410,2.7880e-02
75.0602264,1.4488e-03
75.0616760,1.2313e-03
75.0629120,1.4839e-03
75.0643997,1.9418e-03
75.0663452,1.5148e-03
75.0678635,1.1709e-01
75.1849594,1.5432e-03
75.1865005,9.8936e-04
75.1874924,1.2897e-03
75.1887894,2.1666e-02
75.2104568,1.4445e-03
75.2119064,1.3849e-03
75.2132950,1.0983e-03
75.2143936,1.4715e-03
75.2158661,3.3791e-02
75.2496796,1.0848e-01
75.3581696,1.4005e-03
75.3595734,1.8135e-03
75.3613892,1.7187e-03
75.3631134,1.3091e-03
75.3644257,1.4370e-03
75.3658600,1.7275e-03
75.3675919,1.4468e-03
75.3690414,1.2947e-03
75.3703384,1.7302e-03
75.3720703,1.9965e-03
75.3740692,1.9235e-03
75.3759995,1.3464e-03
75.3773499,1.7120e-03
75.3790588,1.1918e-03
75.3802567,1.2775e-03
75.3815384,1.2913e-03
75.3828278,1.2993e-03
75.3841324,1.1493e-03
75.3852844,1.5653e-03
75.3868484,1.3267e-03
75.3881836,1.3279e-03
75.3895111,8.3851e-04
75.3903503,1.2810e-03
75.3916321,1.3550e-03
75.3929901,1.9349e-03
75.3949280,7.2763e-02
75.4676971,1.6665e-03
75.4693680,1.2949e-03
75.4706650,1.4397e-03
75.4721069,1.9905e-03
75.4741058,1.3250e-03
75.4754333,1.4640e-03
75.4768982,1.8500e-03
75.4787521,1.1820e-03
75.4799423,2.2124e-03
75.4821548,1.4243e-03
75.4835815,1.3947e-03
75.4849777,1.4140e-03
75.4863968,1.4800e-03
75.4878845,1.4117e-03
75.4892960,1.1133e-03
75.4904099,7.2465e-02
75.5628815,1.2858e-03
75.5641708,1.5805e-03
75.5657578,1.4041e-03
75.5671616,1.7459e-03
75.5689163,1.4875e-03
75.5704041,1.7650e-03
75.5721741,1.5668e-03
75.5737457,1.4837e-03
75.5752258,1.4281e-03
75.5766602,1.6179e-03
75.5782776,1.6774e-03
75.5799637,1.0462e-03
75.5810089,1.3170e-03
75.5823364,1.2686e-03
75.5836029,1.2948e-03
75.5849075,1.4272e-03
75.5863342,1.5532e-03
75.5878906,2.4693e-03
75.5903702,1.4238e-03
75.5917969,3.3785e-02
75.6255875,1.1940e-03
75.6267853,1.0788e-03
75.6278687,1.7426e-03
75.6296158,1.3233e-03
75.6309433,1.3035e-03
75.6322479,1.3412e-03
75.6335907,1.5173e-03
75.6351166,1.5443e-03
75.6366577,1.9132e-03
75.6385803,1.3741e-03
75.6399536,1.2165e-03
75.6411743,1.7053e-03
75.6428833,1.0950e-03
75.6439819,1.4399e-03
75.6454315,1.3395e-03
75.6467743,1.9890e-03
75.6487656,4.1431e-02
75.6902008,1.8473e-03
75.6920471,9.9949e-01
76.6915436,3.5601e-02
76.7271500,2.1034e-03
76.7292557,2.0692e-03
76.7313232,3.5752e-01
77.0888519,7.3031e-03
77.0961609,7.6119e-03
77.1037750,7.3561e-03
77.1111298,7.2592e-03
77.1183929,7.1119e-03
77.1255112,6.9929e-03
77.1325073,6.8733e-03
77.1393814,6.3043e-03
77.1456909,6.1896e-03
77.1518860,7.1685e-03
77.1590576,5.8570e-03
77.1649170,5.6875e-03
77.1706085,4.7762e-03
77.1753845,9.5245e-03
77.1849136,3.5587e-01
77.5407944,1.1771e-03
77.5419693,1.4497e-03
77.5434265,6.6405e-02
77.6098328,1.4795e-03
77.6113205,1.6173e-03
77.6129379,2.3633e-02
77.6365738,1.6614e-02
77.6531982,1.5260e-03
77.6547241,1.4809e-03
77.6562119,1.0965e-02
77.6671753,1.6121e-03
77.6687927,1.3710e-03
77.6701660,5.5968e-03
77.6757736,1.3055e-03
77.6770859,9.2276e-02
77.7693634,1.8061e-03
77.7711716,6.6635e-02
77.8378143,9.9173e-04
77.8388062,5.2413e-02
77.8912201,1.2083e-03
77.8924332,5.2179e-02
77.9446182,1.5211e-03
77.9461441,1.5955e-03
77.9477386,1.6077e-03
77.9493484,1.4746e-03
77.9508286,3.1901e-03
77.9540253,1.2141e-03
77.9552460,1.7806e-03
77.9570236,5.9947e-02
78.0169754,1.9904e-02
78.0368881,2.0428e-03
78.0389328,7.3905e-02
78.1128387,1.3942e-03
78.1142349,1.1445e-03
78.1153870,1.4138e-03
78.1168060,1.7388e-01
78.2906876,1.5185e-01
78.4425507,2.7959e-02
78.4705124,1.2253e-03
78.4717407,6.2269e-02
78.5340118,5.8580e-02
78.5925980,4.4510e-03
78.5970535,1.1981e-03
78.5982513,1.3445e-03
78.5996017,1.2937e-03
78.6008987,1.5497e-03
78.6024475,5.7943e-01
79.1818848,3.4763e-01
79.5295258,1.4128e-03
79.5309372,1.0461e-01
79.6355515,4.0974e-03
79.6396561,1.1321e-03
79.6407928,9.6362e-03
79.6504288,3.0707e-02
79.6811447,1.4983e-03
79.6826477,1.3870e-03
79.6840363,1.5122e-03
79.6855545,1.2213e-03
79.6867828,1.7202e-03
79.6885071,1.4852e-03
79.6899948,2.3499e-03
79.6923523,1.2236e-03
79.6935730,1.6693e-03
79.6952438,1.6646e-03
79.6969223,1.3065e-03
79.6982346,1.4935e-03
79.6997299,1.1742e-03
79.7009048,1.2858e-03
79.7021942,9.7299e-04
79.7031708,1.2200e-03
79.7043991,1.0603e-03
79.7054596,1.5800e-03
79.7070389,1.5758e-03
79.7086258,1.4024e-03
79.7100296,1.4374e-03
79.7114716,2.1326e-03
79.7136078,1.4011e-03
79.7150116,1.5938e-03
79.7166061,1.6343e-03
79.7182465,1.7625e-03
79.7200089,1.3546e-03
79.7213745,1.8846e-03
79.7232590,1.3973e-03
79.7246628,1.8666e-03
79.7265320,1.8937e-03
79.7284317,2.9112e-01
80.0195541,1.5451e-03
80.0211029,1.5466e-03
80.0226517,1.3061e-03
80.0239639,1.0879e-03
80.0250473,1.6498e-03
80.0267029,1.8992e-03
80.0286026,2.6207e-03
80.0312271,1.2517e-03
80.0324860,1.6693e-03
80.0341568,1.3728e-03
80.0355301,1.0171e-03
80.0365524,1.4620e-03
80.0380173,1.2884e-03
80.0393066,1.2371e-03
80.0405426,4.0871e-02
80.0814209,1.5730e-03
80.0829926,1.0952e-02
80.0939484,2.0559e-03
80.0960083,1.5233e-03
80.0975342,1.2657e-03
80.0988083,2.1629e-01
80.3151016,1.5551e-03
80.3166580,1.5984e-03
80.3182602,1.1338e-03
80.3193970,1.5453e-03
80.3209457,1.6462e-03
80.3225937,1.1800e-03
80.3237839,1.4884e-03
80.3252716,1.2095e-03
80.3264847,1.5946e-03
80.3280792,1.0128e-03
80.3290939,1.2808e-03
80.3303833,1.1794e-03
80.3315659,1.8286e-03
80.3333969,1.9301e-03
80.3353271,1.3448e-03
80.3366776,1.1819e-03
80.3378601,1.5075e-03
80.3393707,1.7935e-03
80.3411713,1.6948e-03
80.3428650,2.1994e-03
80.3450699,1.2353e-03
80.3463135,1.7430e-03
80.3480530,1.5096e-03
80.3495712,2.1078e-03
80.3516769,1.7681e-03
80.3534546,1.2103e-01
80.4744873,1.4047e-01
80.6149521,1.4121e+00
82.0270538,4.5945e-03
82.0316544,3.7080e-03
82.0353622,3.4188e-03
82.0387878,3.2761e-03
82.0420609,2.8915e-03
82.0449600,2.9171e-03
82.0478821,1.8906e-02
82.0667877,1.6806e-03
82.0684738,1.6821e-03
82.0701599,1.8722e-01
82.2573776,1.8566e-02
82.2759476,1.9064e-02
82.2950134,1.7317e-03
82.2967529,1.1289e-03
82.2978821,4.3966e-02
82.3418579,1.0427e-03
82.3429031,1.9982e-03
82.3449020,2.8125e-02
82.3730316,2.5699e-03
82.3756027,2.1109e-01
82.5867004,1.0702e-03
82.5877762,2.2155e-03
82.5899963,1.1791e-03
82.5911789,3.9681e-02
82.6308670,5.7029e-02
82.6878967,1.1635e-01
82.8042526,1.4236e-03
82.8056793,1.4135e-03
82.8070984,1.3724e-03
82.8084717,1.9237e-03
82.8104019,6.1745e-03
82.8165817,3.8194e-03
82.8204041,5.9470e-03
82.8263550,8.9822e-04
82.8272552,1.8234e-03
82.8290787,1.3348e-03
82.8304214,1.3820e-03
82.8318024,1.5877e-03
82.8333969,1.3209e-03
82.8347168,1.9047e-03
82.8366241,1.1688e-03
82.8377991,1.8207e-03
82.8396225,1.3793e-03
82.8410034,1.6338e-03
82.8426437,1.6693e-03
82.8443146,1.1490e-03
82.8454666,1.5148e-03
82.8469849,1.3119e-03
82.8483047,1.5274e-03
82.8498306,1.6646e-03
82.8515015,8.9150e-04
82.8523941,1.2807e-03
82.8536758,2.1214e-03
82.8558044,1.5355e-03
82.8573456,1.7003e-03
82.8590469,1.6037e-03
82.8606491,1.3821e-03
82.8620377,1.6086e-03
82.8636475,1.3452e-03
82.8649979,1.2644e-03
82.8662643,1.2759e-03
82.8675461,1.7499e-03
82.8692932,1.7493e-03
82.8710632,1.7756e-03
82.8728409,1.7206e-03
82.8745651,1.0866e-03
82.8756561,2.1645e-03
82.8778229,1.6509e-03
82.8794785,1.2051e-03
82.8806915,1.8354e-03
82.8825302,1.2160e-02
82.8946915,1.6931e-03
82.8963852,2.1713e-03
82.8985596,1.6780e-03
82.9002457,1.6748e-03
82.9019241,1.3884e-03
82.9033127,1.4597e-03
82.9047775,1.1579e-03
82.9059372,1.3474e-03
82.9072876,1.7565e-03
82.9090424,1.9137e-03
82.9109650,1.7499e-03
82.9127197,1.6545e-03
82.9143753,1.4202e-03
82.9158020,1.7449e-03
82.9175491,1.6600e-03
82.9192123,1.9190e-03
82.9211349,2.1533e-03
82.9232864,1.3648e-03
82.9246597,1.1011e-02
82.9356689,1.9461e-03
82.9376221,1.4197e-03
82.9390411,1.7096e-03
82.9407578,1.2145e-03
82.9419708,1.6016e-03
82.9435806,1.0752e-03
82.9446564,1.1671e-03
82.9458313,1.2965e-03
82.9471283,1.3492e-03
82.9484863,1.8137e-03
82.9503021,2.2307e-03
82.9525299,1.3667e-03
82.9539032,1.6082e-03
82.9555130,1.7475e-03
82.9572601,1.0689e-03
82.9583359,1.5152e-03
82.9598541,1.0362e-03
82.9608917,1.7746e-03
82.9626694,1.2201e-03
82.9638977,1.4370e-03
82.9653320,1.2674e-03
82.9666061,1.4979e-03
82.9681015,1.2256e-03
82.9693298,1.1975e-03
82.9705353,1.5484e-03
82.9720840,1.1475e-03
82.9732361,1.3890e-03
82.9746246,1.7197e-03
82.9763489,1.5725e-03
82.9779282,1.1336e-03
82.9790649,1.7432e-03
82.9808121,1.8511e-03
82.9826660,1.5174e-03
82.9841843,2.0295e-03
82.9862213,1.6562e-03
82.9878769,1.1772e-03
82.9890594,1.8217e-03
82.9908829,1.9152e-03
82.9928055,1.1432e-03
82.9939499,1.2802e-03
82.9952316,1.4747e-03
82.9967117,1.8344e-03
82.9985504,1.2570e-03
82.9998093,1.1223e-03
83.0009308,1.1817e-03
83.0021210,1.9009e-03
83.0040207,1.5019e-03
83.0055313,1.3574e-03
83.0068893,1.6505e-03
83.0085449,1.2708e-03
83.0098190,1.4675e-03
83.0112915,1.8107e-03
83.0131073,1.1216e-03
83.0142288,1.5553e-03
83.0157928,1.5992e-03
83.0173950,2.1908e-03
83.0195923,1.3235e-03
83.0209198,1.2341e-03
83.0221558,1.4733e-03
83.0236359,1.1912e-03
83.0248260,1.4951e-03
83.0263290,1.6257e-03
83.0279541,1.2268e-03
83.0291824,1.1402e-03
83.0303268,1.6087e-03
83.0319443,1.2005e-03
83.0331421,1.4824e-03
83.0346298,2.2196e-03
83.0368500,1.3787e-03
83.0382309,2.5164e-03
83.0407562,1.8468e-03
83.0426025,1.3060e-03
83.0439148,1.3368e-03
83.0452499,1.9310e-03
83.0471878,2.2602e-03
83.0494537,1.1167e-03
83.0505753,2.2972e-03
83.0528717,1.8886e-03
83.0547638,1.6526e-03
83.0564194,2.4299e-03
83.0588608,1.5288e-03
83.0603867,1.2048e-03
83.0615997,1.4015e-03
83.0630035,1.5678e-03
83.0645752,1.9093e-03
83.0664825,1.6528e-03
83.0681381,2.1249e-03
83.0702667,1.1500e-03
83.0714188,1.0800e-03
83.0725021,1.7217e-03
83.0742340,1.5867e-03
83.0758209,4.2732e-02
83.1185532,1.4210e-03
83.1199799,1.2791e-03
83.1212616,1.4686e-03
83.1227341,1.3231e-03
83.1240616,1.9007e-03
83.1259613,1.5075e-03
83.1274719,1.3456e-03
83.1288223,1.4120e-03
83.1302338,1.8233e-03
83.1320648,1.3299e-03
83.1333923,1.2738e-03
83.1346741,1.5807e-03
83.1362534,1.1823e-03
83.1374435,1.3515e-02
83.1509628,2.4946e-03
83.1534576,1.4075e-03
83.1548767,7.9312e-02
83.2341919,1.5096e-03
83.2357025,2.3684e-03
83.2380753,2.7512e-02
83.2655945,4.8976e-02
83.3145676,1.6753e-01
83.4821091,1.9873e-03
83.4841003,1.8216e-03
83.4859238,1.8355e-03
83.4877625,1.5779e-03
83.4893494,1.1654e-02
83.5010071,1.3674e-03
83.5023727,7.5867e-02
83.5782471,1.0529e-01
83.6835403,1.7167e-03
83.6852646,3.4831e-03
83.6887512,1.2232e-01
83.8110733,1.3617e-03
83.8124390,1.2805e-03
83.8137207,9.7916e-02
83.9116440,1.2093e-03
83.9128571,1.4943e-03
83.9143524,1.4356e-03
83.9157944,2.2798e-02
83.9385910,1.4250e-03
83.9400253,1.3404e-03
83.9413681,4.1897e-03
83.9455566,2.1844e-03
83.9477463,1.7707e-03
83.9495239,1.4525e-03
83.9509811,2.0418e-02
83.9714050,1.8378e-03
83.9732437,8.1077e-03
83.9813538,1.6762e-03
83.9830322,9.6870e-03
83.9927216,2.9768e-02
84.0224915,1.6250e-03
84.0241241,1.4239e-03
84.0255508,2.1491e-03
84.0277023,1.8793e-01
84.2156372,1.6714e-03
84.2173157,1.1940e-03
84.2185135,1.7594e-03
84.2202759,6.3833e-03
84.2266617,1.4586e-03
84.2281189,1.8645e-02
84.2467728,1.3240e-03
84.2481003,1.8974e-01
84.4378433,3.4663e-01
84.7844772,1.4954e-03
84.7859802,6.8135e-02
84.8541183,1.0555e-01
84.9596710,7.0928e-03
84.9667664,1.9632e-01
85.1630936,5.6636e-02
85.2197266,1.2668e-03
85.2210007,2.1780e-03
85.2231827,1.4361e-03
85.2246246,1.0958e-03
85.2257233,9.1506e-02
85.3172379,1.1333e-03
85.3183746,1.3873e-03
85.3197632,2.2810e-03
85.3220444,2.0674e-01
85.5287857,6.6811e-02
85.5956039,1.4425e+00
87.0381470,7.0459e-03
87.0451965,5.2592e-02
87.0977936,5.1192e-03
87.1029129,4.3137e-03
87.1072311,3.7088e-03
87.1109467,3.5143e-03
87.1144638,3.5885e-03
87.1180496,3.1282e-03
87.1211853,7.6852e-02
87.1980438,1.5698e-01
87.3550262,1.4246e-03
87.3564529,1.4906e-02
87.3713608,1.2765e-03
87.3726425,1.6029e-03
87.3742447,1.6027e-03
87.3758545,1.2762e-03
87.3771286,1.0767e-03
87.3782120,1.4074e-03
87.3796234,1.6779e-03
87.3813019,1.3261e-03
87.3826294,1.5306e-03
87.3841629,1.3561e-03
87.3855209,1.2379e-03
87.3867645,1.1140e-03
87.3878784,1.2861e-03
87.3891678,1.2528e-03
87.3904190,2.1681e-03
87.3925934,1.6246e-03
87.3942184,1.5658e-03
87.3957901,1.1052e-03
87.3968964,1.1301e-03
87.3980255,1.2821e-03
87.3993149,1.3239e-03
87.4006348,1.5034e-03
87.4021454,1.8513e-03
87.4039993,1.4244e-03
87.4054260,1.7563e-03
87.4071808,1.6426e-03
87.4088287,1.2661e-03
87.4100952,1.7588e-03
87.4118576,1.1559e-03
87.4130173,1.4435e-03
87.4144592,1.3643e-03
87.4158249,1.4295e-03
87.4172592,1.2491e-03
87.4185104,1.4172e-03
87.4199371,1.7296e-03
87.4216690,1.6701e-03
87.4233398,1.6107e-03
87.4249496,1.1622e-03
87.4261169,1.0365e-03
87.4271545,1.5057e-03
87.4286652,1.3182e-03
87.4299850,1.7007e-03
87.4316864,1.6260e-03
87.4333191,1.3441e-03
87.4346619,1.4091e-03
87.4360733,1.3924e-03
87.4374695,1.2470e-03
87.4387207,1.4992e-03
87.4402237,1.2742e-03
87.4414978,1.4948e-03
87.4429932,1.4873e-03
87.4444809,1.2192e-03
87.4457016,1.5530e-03
87.4472580,1.9217e-03
87.4491882,1.1493e-03
87.4503403,1.1657e-03
87.4515076,1.1511e-03
87.4526596,1.3729e-03
87.4540329,1.4261e-03
87.4554596,1.7940e-03
87.4572601,1.0007e-03
87.4582596,1.1011e-03
87.4593658,1.3631e-03
87.4607315,1.1937e-03
87.4619293,1.5050e-03
87.4634323,1.9393e-03
87.4653778,2.5108e-02
87.4904938,1.4766e-03
87.4919662,1.4357e-03
87.4934082,1.5786e-03
87.4949875,1.6782e-03
87.4966660,7.5050e-03
87.5041733,1.3737e-03
87.5055542,1.4466e-03
87.5070038,1.3770e-03
87.5083847,2.8538e-02
87.5369263,1.9763e-03
87.5389023,1.6280e-03
87.5405350,5.3012e-03
87.5458450,1.5244e-03
87.5473709,1.1579e-03
87.5485306,1.9545e-02
87.5680771,1.1793e-03
87.5692596,1.3248e-03
87.5705872,1.4077e-03
87.5719986,1.0194e-03
87.5730209,1.5635e-03
87.5745850,1.4225e-03
87.5760117,1.3065e-03
87.5773239,1.4877e-03
87.5788193,1.4805e-03
87.5802994,1.5001e-03
87.5818024,2.1951e-02
87.6037598,1.5644e-03
87.6053314,3.3317e-03
87.6086655,1.2681e-03
87.6099396,1.2475e-02
87.6224136,1.5968e-03
87.6240158,1.6267e-03
87.6256485,1.2027e-03
87.6268539,2.0694e-03
87.6289291,1.6791e-03
87.6306076,1.5657e-03
87.6321793,1.2163e-03
87.6334000,1.7610e-03
87.6351624,1.6136e-03
87.6367798,1.3663e-03
87.6381531,1.9009e-03
87.6400604,1.3578e-03
87.6414185,1.9942e-03
87.6434174,1.5453e-03
87.6449661,1.7053e-03
87.6466751,1.9643e-03
87.6486435,1.5459e-03
87.6501923,1.5451e-03
87.6517410,1.4558e-03
87.6532059,1.5886e-03
87.6547928,1.6037e-03
87.6564026,1.6353e-03
87.6580429,1.4700e-03
87.6595154,1.6929e-03
87.6612167,1.8720e-03
87.6630936,1.6350e-03
87.6647339,1.4747e-03
87.6662140,1.8953e-03
87.6681137,1.5070e-03
87.6696243,1.6161e-03
87.6712418,1.3807e-03
87.6726303,1.7725e-03
87.6744003,1.5529e-03
87.6759567,1.0122e-03
87.6769791,1.6667e-03
87.6786499,1.1948e-03
87.6798477,1.3546e-03
87.6812057,7.9378e-02
87.7605896,1.4757e-02
87.7753525,1.0661e-03
87.7764206,3.8526e-02
87.8149490,9.6276e-03
87.8245850,1.3766e-03
87.8259659,1.3619e-02
87.8395844,1.1129e-03
87.8407059,1.1068e-03
87.8418121,1.4349e-03
87.8432541,1.1088e-03
87.8443680,1.5208e-03
87.8458862,1.2079e-03
87.8470993,1.3278e-03
87.8484344,1.6348e-03
87.8500748,7.3316e-03
87.8574066,1.2758e-03
87.8586884,2.0004e-01
88.0587311,1.0598e-01
88.1647110,2.0771e-03
88.1667938,1.1896e-03
88.1679840,1.7713e-03
88.1697540,1.2990e-02
88.1827545,1.4631e-03
88.1842194,1.3620e-03
88.1855850,1.3725e-03
88.1869583,1.4621e-03
88.1884232,3.1790e-03
88.1916046,8.2792e-02
88.2743988,1.3625e-03
88.2757645,1.2070e-03
88.2769775,1.5163e-03
88.2784958,1.1601e-03
88.2796555,6.5680e-02
88.3453445,1.4745e-03
88.3468170,3.4011e-03
88.3502274,1.9695e-03
88.3521957,1.8591e-03
88.3540573,3.3453e-02
88.3875198,5.0755e-02
88.4382782,3.2471e-03
88.4415283,1.2421e-03
88.4427719,2.6782e-02
88.4695587,1.3878e-03
88.4709473,4.5697e-02
88.5166550,1.5534e-03
88.5182114,1.1565e-03
88.5193710,1.3714e-03
88.5207443,1.4447e-03
88.5221863,4.3619e-03
88.5265579,1.2662e-03
88.5278244,1.8912e-03
88.5297241,1.2858e-03
88.5310135,1.3550e-03
88.5323715,1.2254e-03
88.5335999,1.1071e-03
88.5347061,1.3776e-03
88.5360947,1.6418e-03
88.5377426,1.7559e-03
88.5395050,1.5748e-03
88.5410767,1.2309e-02
88.5533905,1.5297e-03
88.5549316,1.8404e-03
88.5567780,1.2604e-03
88.5580368,1.6316e-03
88.5596771,1.5322e-03
88.5612106,5.0959e-01
89.0708084,1.8350e-03
89.0726471,1.6046e-03
89.0742569,1.3125e-03
89.0755768,1.1498e-03
89.0767288,1.5726e-03
89.0783005,1.7554e-03
89.0800552,1.3577e-03
89.0814209,1.5035e-03
89.0829239,1.8769e-03
89.0848083,1.5344e-03
89.0863419,1.8096e-03
89.0881500,1.3626e-03
89.0895157,1.1026e-03
89.0906219,1.3575e-03
89.0919876,1.1168e-03
89.0931015,1.5549e-03
89.0946579,1.7898e-03
89.0964508,1.3456e-03
89.0978012,1.2343e-03
89.0990372,1.4808e-03
89.1005249,1.4920e-03
89.1020203,1.1438e-03
89.1031647,1.3347e-03
89.1044998,1.2767e-03
89.1057816,1.6596e-03
89.1074448,1.6633e-03
89.1091080,2.0309e-03
89.1111374,1.7560e-03
89.1128998,1.6915e-01
89.2820511,1.3941e-03
89.2834473,4.8232e-02
89.3316879,4.3194e-03
89.3360138,1.7861e-03
89.3377991,2.2854e-03
89.3400879,2.0104e-03
89.3421097,1.4682e-03
89.3435822,2.3534e-01
89.5789261,1.7589e-03
89.5806885,1.2566e-02
89.5932541,2.4623e-02
89.6178818,9.0906e-02
89.7087936,1.5469e-03
89.7103500,1.6762e-02
89.7271118,1.9978e-03
89.7291183,8.2985e-03
89.7374191,1.0265e-01
89.8400726,1.6546e-03
89.8417358,3.7350e-02
89.8790894,3.8533e-02
89.9176254,1.2775e-03
89.9189072,1.2127e-03
89.9201279,1.2593e-03
89.9213867,1.4163e-03
89.9228058,9.5778e-01
90.8806000,7.8595e-03
90.8884583,7.6958e-03
90.8961563,7.4988e-03
90.9036560,7.4885e-03
90.9111481,6.6682e-03
90.9178238,4.2592e-03
90.9220810,6.7178e-03
90.9288025,1.6977e-01
91.0985794,1.2297e-03
91.0998077,3.7711e-02
91.1375275,1.5119e-03
91.1390381,2.1765e-03
91.1412201,1.0267e-02
91.1514893,1.4798e-03
91.1529770,1.0626e-03
91.1540375,1.6390e-03
91.1556854,1.8542e-03
91.1575394,2.1396e-03
91.1596832,1.4893e-03
91.1611786,1.0750e-03
91.1622543,1.7337e-03
91.1639862,1.7355e-03
91.1657257,3.3590e-01
91.5016327,6.1020e-02
91.5626526,1.4947e-03
91.5641556,2.1718e-03
91.5663300,3.5943e-02
91.6022797,3.0023e-03
91.6052856,1.4217e-03
91.6067047,2.9471e-02
91.6361847,1.3271e-03
91.6375122,1.6862e-03
91.6392059,1.6374e-03
91.6408463,3.1527e-03
91.6440048,3.0985e-03
91.6471024,1.7074e-03
91.6488190,4.5789e-02
91.6946106,1.5268e-03
91.6961441,1.4889e-03
91.6976318,1.5732e-01
91.8549576,7.5742e-02
91.9307098,6.0913e-02
91.9916229,4.2775e-02
92.0344009,3.2926e-02
92.0673294,1.5553e-03
92.0688934,1.5444e-03
92.0704422,7.2352e-03
92.0776749,1.3205e-03
92.0790024,1.6187e-03
92.0806198,4.8731e-03
92.0854950,1.7071e-03
92.0872116,1.7066e-03
92.0889206,1.5698e-03
92.0904922,2.0456e-03
92.0925369,3.1860e-02
92.1244049,2.4869e-02
92.1492767,1.6260e-03
92.1509018,1.3072e-02
92.1639786,1.7365e-03
92.1657181,1.3002e-03
92.1670227,1.7919e-02
92.1849442,1.4421e-03
92.1863861,1.6223e-03
92.1880112,1.2084e-03
92.1892242,1.4707e-03
92.1906967,7.0337e-03
92.1977310,1.4962e-03
92.1992340,9.7729e-04
92.2002106,1.2061e-03
92.2014236,1.4716e-03
92.2028961,3.5554e-02
92.2384567,1.3891e-03
92.2398453,7.2826e-02
92.3126755,1.2142e-03
92.3138962,1.3445e-03
92.3152390,1.4962e-03
92.3167419,1.2851e-03
92.3180237,2.1540e-01
92.5334244,1.3657e-03
92.5347977,2.6749e-02
92.5615463,1.1534e-01
92.6768951,1.8000e-03
92.6786957,1.2267e-01
92.8013687,1.2196e-03
92.8025894,7.5149e-01
93.5540924,2.2487e-03
93.5563431,1.4561e-03
93.5578003,1.7516e-02
93.5753174,1.2991e-03
93.5766220,2.1820e-03
93.5788116,1.1382e-03
93.5799484,1.0631e-03
93.5810165,1.3367e-03
93.5823517,1.2784e-03
93.5836334,1.3205e-03
93.5849609,1.1529e-03
93.5861130,1.2992e-03
93.5874176,1.1431e-03
93.5885620,1.0647e-03
93.5896301,2.9544e-02
93.6191788,1.4981e-03
93.6206818,2.4784e-01
93.8685303,1.6515e-01
94.0336838,9.8483e-03
94.0435333,1.5483e-02
94.0590210,1.0262e-03
94.0600510,1.7305e-02
94.0773621,6.4730e-01
94.7246628,1.3701e-03
94.7260361,3.2883e-01
95.0548706,1.3730e-03
95.0562439,1.1765e-03
95.0574265,1.3335e-03
95.0587692,9.7923e-04
95.0597458,1.8845e-03
95.0616379,8.2788e-04
95.0624695,1.4125e-03
95.0638809,1.7596e-03
95.0656433,1.3318e-03
95.0669785,1.4850e-03
95.0684662,5.7938e-02
95.1264114,1.5893e-01
95.2853470,1.7741e-03
95.2871246,1.3973e-03
95.2885284,1.4067e-03
95.2899323,1.0570e-03
95.2909927,1.2706e-03
95.2922668,2.0024e-03
95.2942734,1.0841e-03
95.2953644,1.4003e-03
95.2967682,1.6684e-03
95.2984390,8.9704e-04
95.2993393,1.3644e-03
95.3007050,1.1005e-03
95.3018112,1.1112e-01
95.4129410,2.6222e-02
95.4391632,8.8573e-02
95.5277405,1.4435e-03
95.5291901,4.5408e-02
95.5746002,1.5941e-03
95.5761948,1.3114e-03
95.5775146,1.4334e-03
95.5789490,1.4830e-03
95.5804367,1.6527e-03
95.5820923,1.2779e-03
95.5833740,1.4578e-03
95.5848312,1.4966e-03
95.5863342,1.2160e-03
95.5875549,2.6021e-03
95.5901566,1.4994e-03
95.5916595,1.0273e-03
95.5926895,1.4653e-03
95.5941620,2.5715e-03
95.5967331,1.3647e-03
95.5981064,1.9065e-03
95.6000137,1.6047e-03
95.6016235,1.5273e-03
95.6031570,1.8100e-03
95.6049728,2.2161e-03
95.6071930,1.7900e-03
95.6089859,2.0632e-03
95.6110535,2.2438e-03
95.6133041,1.6176e-03
95.6149292,1.3144e-03
95.6162415,1.6179e-03
95.6178665,1.8765e-03
95.6197433,1.8963e-03
95.6216431,1.5125e-03
95.6231613,1.9605e-03
95.6251297,1.8759e-03
95.6270065,2.0523e-03
95.6290665,2.4704e-03
95.6315384,5.5090e-01
96.1824493,2.1876e-02
96.2043304,1.2845e-03
96.2056122,1.1405e-03
96.2067566,4.6820e-02
96.2535858,1.1112e-03
96.2546997,1.6675e-01
96.4214478,1.2830e-03
96.4227371,1.1063e-03
96.4238434,1.1934e-03
96.4250412,2.2896e-02
96.4479370,1.6399e-03
96.4495850,1.1969e-03
96.4507828,1.4551e-02
96.4653397,3.3184e-02
96.4985275,1.8939e-03
96.5004196,4.1803e-03
96.5046082,1.4100e-03
96.5060196,1.9067e-03
96.5079269,1.7759e-03
96.5097046,2.7550e-02
96.5372620,1.7115e-03
96.5389709,1.3490e-03
96.5403290,1.1896e-03
96.5415192,1.2982e-03
96.5428238,1.2169e-03
96.5440445,1.2105e-03
96.5452576,6.3255e+00
102.8707504,7.3668e-03
102.8781204,5.8154e-02
102.9362793,3.2858e-03
102.9395676,1.7974e-03
102.9413681,1.1952e-01
103.0608902,1.2319e-03
103.0621185,1.1977e-01
103.1818924,3.5923e-01
103.5411301,1.2778e-03
103.5424118,1.6709e-03
103.5440903,6.8311e-01
104.2272034,1.3167e-03
104.2285233,3.0326e-01
104.5317841,7.1656e-01
105.2483521,1.3365e-03
105.2496872,1.3260e-03
105.2510223,1.4020e-03
105.2524261,1.6575e-03
105.2540817,1.9861e-03
105.2560730,1.2218e-03
105.2573013,1.4551e-03
105.2587585,3.9566e-01
105.6544266,1.3589e-03
105.6557846,1.7461e-03
105.6575394,1.4797e-03
105.6590195,1.8541e-03
105.6608734,1.8019e-03
105.6626816,1.6925e-03
105.6643753,2.1046e-03
105.6664810,1.3994e-03
105.6678848,1.2869e-03
105.6691742,1.5186e-03
105.6706924,2.0268e-03
105.6727219,1.4572e-03
105.6741867,1.7325e-03
105.6759186,1.9785e-03
105.6779022,1.3238e-03
105.6792297,1.3910e-03
105.6806183,1.6592e-03
105.6822815,1.3498e-03
105.6836395,1.6112e-03
105.6852493,1.5351e-03
105.6867905,1.2376e-03
105.6880264,1.9505e-03
105.6899796,1.2568e-03
105.6912460,1.2634e-03
105.6925125,1.4014e-03
105.6939163,1.1955e-03
105.6951141,1.2977e-03
105.6964111,1.4890e-03
105.6979065,1.1370e-03
105.6990433,3.3383e-02
105.7324295,1.3570e-03
105.7337952,1.3146e-03
105.7351074,1.5528e-03
105.7366638,8.1213e-03
105.7447891,1.4458e-03
105.7462387,1.6732e-03
105.7479095,1.2436e-03
105.7491608,9.6765e-03
105.7588348,2.0915e-02
105.7797546,5.2520e-03
105.7850113,5.3987e-03
105.7904129,2.3460e-02
105.8138733,1.8962e-03
105.8157730,2.0793e-02
105.8365707,1.0559e-02
105.8471298,2.0194e-02
105.8673248,1.6123e-03
105.8689423,2.2110e-03
105.8711548,3.4946e-02
105.9061050,1.7973e-03
105.9079056,1.4282e-03
105.9093323,2.8199e-01
106.1913300,1.3378e-03
106.1926727,1.1569e-03
106.1938324,1.7173e-01
106.3655701,2.0817e-01
106.5737381,1.7338e-03
106.5754776,3.5786e-03
106.5790558,3.8154e-02
106.6172180,3.4415e-01
106.9613647,1.5021e-03
106.9628677,1.6481e-01
107.1276855,1.4112e-03
107.1291046,6.6655e-02
107.1957626,1.3298e-03
107.1970978,1.4429e-03
107.1985397,1.0951e-03
107.1996384,1.3662e-03
107.2010117,1.4030e-03
107.2024155,2.8481e-01
107.4872284,1.4516e-03
107.4886780,1.1502e-03
107.4898376,1.3881e-03
107.4912262,1.3117e-03
107.4925385,1.2393e-03
107.4937820,1.3684e-03
107.4951553,1.8961e-03
107.4970551,2.0042e-03
107.4990616,5.6966e-02
107.5560303,3.5840e-02
107.5918732,5.5983e-02
107.6478653,1.4903e-03
107.6493530,1.5179e-03
107.6508789,1.2739e+00
108.9247818,7.7054e-03
108.9324875,7.7342e-03
108.9402237,1.4976e-02
108.9552078,7.3094e-03
108.9625168,8.0409e-03
108.9705658,7.6084e-03
108.9781723,1.7598e-01
109.1541595,1.6552e-01
109.3196869,1.2316e-03
109.3209229,1.1906e-03
109.3221207,1.5396e-03
109.3236618,1.6392e-01
109.4875870,6.0461e-02
109.5480499,1.3883e-03
109.5494461,1.6279e-03
109.5510712,1.9608e-03
109.5530396,1.5834e-03
109.5546265,1.5459e-03
109.5561752,1.8651e-01
109.7426834,1.5032e-03
109.7441864,2.8242e-02
109.7724304,1.3997e-03
109.7738342,1.0559e-01
109.8794250,1.5189e-03
109.8809509,1.4253e-02
109.8952026,1.6118e-03
109.8968201,2.0337e-03
109.8988571,1.1899e-03
109.9000473,1.2746e-03
109.9013290,1.5148e-03
109.9028473,1.4076e-03
109.9042587,1.8039e-03
109.9060669,1.6422e-03
109.9077072,1.6255e-03
109.9093399,1.5733e-03
109.9109116,9.5496e-04
109.9118729,1.8419e-03
109.9137192,1.4328e-03
109.9151535,1.6914e-03
109.9168472,2.0130e-03
109.9188614,1.5352e-03
109.9204025,1.1371e-03
109.9215393,1.2772e-03
109.9228210,1.2586e-03
109.9240799,1.4784e-03
109.9255600,1.6571e-03
109.9272232,1.3073e-03
109.9285278,1.5394e-03
109.9300766,2.0070e-03
109.9320831,1.4702e-03
109.9335556,1.4406e-03
109.9349976,1.3549e-03
109.9363556,1.5199e-03
109.9378815,1.5734e-03
109.9394531,1.3704e-03
109.9408264,1.6385e-03
109.9424667,1.3281e-03
109.9437943,2.0474e-03
109.9458466,1.6128e-03
109.9474640,1.3257e-03
109.9487915,1.0841e-03
109.9498749,9.1022e-04
109.9507904,1.6816e-03
109.9524765,1.3654e-03
109.9538422,2.5183e-03
109.9563599,1.3774e-03
109.9577408,1.3912e-03
109.9591370,1.2064e-03
109.9603424,1.2083e-03
109.9615555,1.4221e-03
109.9629822,1.6867e-03
109.9646683,1.1517e-03
109.9658279,1.5385e-03
109.9673691,1.2726e-03
109.9686432,1.8174e-03
109.9704590,1.4105e-03
109.9718781,1.4974e-03
109.9733734,1.3235e-03
109.9747009,1.0096e-03
109.9757156,1.5341e-03
109.9772491,1.2707e-03
109.9785233,1.3541e-03
109.9798813,1.3690e-03
109.9812546,1.9416e-03
109.9832001,1.4157e-03
109.9846191,1.3795e-03
109.9860001,1.7214e-03
109.9877243,1.2415e-03
109.9889679,1.5909e-03
109.9905624,2.8899e-03
109.9934540,1.2319e-03
109.9946899,1.2613e-03
109.9959564,1.8269e-03
109.9977798,1.2708e-03
109.9990540,1.3468e-03
110.0004044,1.3018e-03
110.0017090,1.6758e-03
110.0033875,1.1513e-03
110.0045471,1.7666e-03
110.0063171,1.4220e-03
110.0077362,2.2023e-03
110.0099411,1.4509e-03
110.0113983,2.2877e-03
110.0136871,1.5411e-03
110.0152283,1.6567e-03
110.0168915,1.6372e-03
110.0185318,1.2748e-03
110.0198059,1.4378e-03
110.0212479,1.1548e-03
110.0224075,1.5822e-03
110.0239944,1.6472e-03
110.0256424,1.1055e-03
110.0267487,2.1930e-03
110.0289459,1.9841e-03
110.0309296,1.4217e-03
110.0323563,1.1354e-03
110.0334930,1.3277e-03
110.0348282,1.2370e-03
110.0360641,1.6391e-03
110.0377045,2.3117e-03
110.0400238,1.1600e-03
110.0411835,1.2795e-03
110.0424652,1.5064e-03
110.0439758,1.7036e-03
110.0456848,1.7576e-03
110.0474472,1.5851e-03
110.0490341,1.3400e-03
110.0503769,1.3331e-03
110.0517120,1.3613e-03
110.0530777,6.9260e-03
110.0600052,1.2167e-03
110.0612259,1.8474e-03
110.0630722,2.2449e-02
110.0855255,1.4844e-03
110.0870132,1.3880e-03
110.0884094,1.4457e-03
110.0898514,1.9258e-03
110.0917816,1.3839e-03
110.0931702,1.2602e-03
110.0944290,1.2306e-03
110.0956650,1.4887e-03
110.0971603,1.5765e-03
110.0987396,1.2182e-03
110.0999603,1.8800e-03
110.1018372,1.3699e-03
110.1032104,1.7778e-03
110.1049957,1.2158e-03
110.1062088,1.6228e-03
110.1078415,1.2416e-03
110.1090851,1.6303e-03
110.1107178,1.6106e-03
110.1123276,1.6019e-03
110.1139297,1.7803e-03
110.1157150,1.3121e-03
110.1170349,2.3524e-03
110.1193848,1.9996e-03
110.1213913,1.5216e-03
110.1229095,1.7963e-03
110.1247101,1.6406e-03
110.1263580,1.9152e-03
110.1282730,1.9785e-03
110.1302567,1.2724e-03
110.1315308,1.2431e-03
110.1327744,1.2794e-03
110.1340561,1.4531e-03
110.1355133,1.7718e-02
110.1532364,1.4016e-03
110.1546402,1.6719e-03
110.1563110,1.7902e-03
110.1581039,1.3165e-03
110.1594238,1.0165e-03
110.1604462,1.4473e-03
110.1618958,1.4376e-03
110.1633377,1.3362e-03
110.1646729,1.1727e-03
110.1658478,1.4284e-03
110.1672821,1.5969e-03
110.1688766,1.2246e-03
110.1701050,1.4783e-03
110.1715851,1.3626e-03
110.1729507,1.4519e-03
110.1744080,1.2754e-03
110.1756897,1.5018e-03
110.1771927,1.2294e-03
110.1784210,1.6158e-03
110.1800385,1.3906e-03
110.1814346,1.3301e-03
110.1827698,1.5728e-03
110.1843414,1.5715e-03
110.1859131,1.5229e-03
110.1874390,1.0303e-03
110.1884766,2.1555e-03
110.1906357,1.5034e-03
110.1921387,1.1275e-03
110.1932678,1.9742e-03
110.1952438,1.3498e-03
110.1966019,1.1268e-03
110.1977310,2.1324e-03
110.1998596,1.5681e-03
110.2014313,3.0837e-03
110.2045212,2.2250e-03
110.2067490,1.3661e-03
110.2081146,1.6696e-03
110.2097855,1.9740e-03
110.2117615,1.8530e-03
110.2136230,2.1581e-03
110.2157822,1.4174e-03
110.2172012,2.0461e-03
110.2192535,2.5338e-03
110.2217865,1.5381e-03
110.2233276,1.1763e-03
